1188.52
1319.08
776.15
1410.71
1213.79
1123.60
1259.00
1418.87
1328.93
928.36
910.32
1414.59
1316.01
799.27
1222.88
752.05
1002.58
919.45
969.43
1342.00
840.63
1221.04
1020.47
1019.13
644.30
1154.56
1167.97
1323.11
638.28
909.83
1421.65
1389.55
854.78
1259.34
1206.01
1333.91
1357.54
1297.39
1415.03
1382.57
1296.31
1304.00
757.87
629.82
1277.49
1169.10
1144.62
1313.56
809.05
1370.04
1335.17
1351.22
1382.24
764.69
1355.23
1381.26
1336.04
1357.31
1016.58
389.44
1263.18
1117.46
1063.33
1254.45
594.79
1328.84
1437.30
1336.94
1366.40
732.15
395.37
996.20
611.86
915.78
1225.28
1418.74
700.99
1350.41
991.39
417.08
1043.84
1424.02
1143.10
958.32
1332.43
1199.06
1356.59
1390.15
1413.65
1370.44
1360.92
337.40
1361.22
607.26
741.93
1324.94
1257.33
1397.43
925.01
685.39
1313.26
1078.10
1245.74
1068.44
1435.80
1214.14
947.00
1372.62
1270.27
1380.00
1406.42
1418.35
1135.22
934.54
925.95
970.83
756.29
1363.01
1412.52
1301.97
1376.67
1347.69
1362.93
1384.92
1431.99
861.40
1356.16
1187.11
1365.51
909.53
1312.84
1398.40
1334.33
920.73
1403.02
1454.21
1358.28
1345.14
1322.78
1230.78
740.30
1288.32
1164.22
1220.72
1232.89
1053.31
1002.75
1324.11
1361.53
1475.20
1433.24
1348.58
1370.73
1103.25
1386.24
1058.50
968.98
1325.55
1299.44
1089.54
1317.31
847.84
823.45
1435.22
1388.64
1435.35
1302.88
1378.71
1438.60
1307.84
1355.81
1346.11
1132.91
1307.53
1390.62
1360.29
816.16
1376.12
1243.32
1421.59
1408.85
1357.69
938.72
1406.74
1252.34
1320.01
1006.74
1355.57
1345.51
991.99
1228.50
1416.85
1313.32
963.60
1017.75
1390.49
984.28
1448.74
1367.58
1315.68
1049.38
1216.11
931.89
819.16
1439.63
1011.26
498.77
1359.28
741.73
1024.20
1059.14
814.95
1386.67
722.49
1325.86
1337.68
831.35
608.76
1403.70
1457.38
1226.72
1338.44
1024.20
1356.74
1324.13
1039.03
966.68
1316.35
987.77
1037.92
620.81
1217.60
448.58
1393.38
1062.83
1330.95
1231.18
1383.70
1249.58
1266.77
1258.73
731.06
1347.27
1351.15
451.30
1313.18
1361.93
1355.61
948.24
1309.46
1215.67
1351.36
1356.21
1396.60
1391.77
1358.44
875.43
1389.32
1381.98
1357.60
1378.87
1346.39
994.20
939.54
1385.67
1013.33
1432.82
942.33
1234.71
1420.00
1376.63
613.10
776.31
1354.52
1374.69
1063.09
1148.04
1452.24
862.60
1349.22
420.19
1396.32
1410.42
1371.70
1319.93
1335.84
1372.48
1107.51
1362.15
948.52
1396.54
785.13
1346.43
1337.31
1368.49
1303.46
909.42
1398.81
1238.90
1366.78
1013.64
1427.22
1075.44
1282.46
1332.32
877.48
398.02
1384.45
1346.41
1160.82
683.41
1178.49
962.38
1350.94
904.96
1004.33
1269.73
1365.85
1286.27
1010.93
1337.18
623.22
630.35
952.54
874.59
638.42
1290.78
1377.82
1408.94
1375.70
928.06
1355.16
1326.50
1305.02
1053.98
1397.60
1036.02
588.05
1253.82
776.62
1218.35
1229.56
1311.40
1140.13
1358.54
1433.79
1335.48
1329.29
1323.53
1279.82
1246.62
742.95
1374.19
1498.45
1291.79
1290.13
1310.91
1390.88
1323.64
1347.65
1380.61
1253.22
765.31
1118.79
1223.89
1137.48
1357.27
950.78
1417.79
1020.26
1009.11
761.45
1341.33
1396.05
1345.25
1101.64
1368.21
1070.93
1345.76
1170.32
882.44
793.70
1308.32
946.89
1266.82
909.65
845.04
886.05
601.56
1305.71
1305.75
906.62
902.74
1398.37
517.66
1431.27
1342.93
1252.81
1055.29
1307.71
1372.32
803.77
1451.63
1367.60
1058.11
1381.61
1129.81
1399.31
1193.46
1104.41
1336.49
1242.21
1439.43
1297.31
1369.33
1349.56
1281.69
1392.01
1396.19
1377.49
1339.87
1423.83
1148.32
978.65
1301.84
1340.63
1040.57
759.53
809.88
1148.73
1162.64
1355.15
797.68
1367.22
1203.82
1083.59
650.40
967.47
1403.51
942.77
1409.88
1423.47
1171.27
1200.47
832.11
1036.59
1332.84
1163.11
1407.78
1322.86
1224.68
914.66
700.05
1334.32
974.11
1173.30
1130.24
432.62
1292.29
1021.75
1200.85
1388.84
1331.86
1260.75
917.60
1374.27
1074.69
1426.34
1339.93
1282.67
1280.78
1299.98
1232.16
762.26
1335.89
1353.42
775.21
827.05
1265.06
999.03
902.46
1401.76
1017.84
656.84
1157.11
1447.23
932.98
1194.74
1231.23
1269.51
1316.16
1160.36
1435.72
1393.98
1357.81
1230.77
646.08
1361.64
1321.86
1278.83
1319.33
1331.02
1337.50
1009.76
1390.44
1126.91
1136.51
1331.45
1264.76
761.01
1340.26
1330.96
1349.12
1354.03
1381.84
1242.68
1245.22
1295.16
1350.35
1406.78
893.44
1403.52
1409.06
1346.82
825.12
1387.43
1024.81
1337.67
1346.23
1258.15
405.18
1378.21
1266.60
797.03
818.24
1402.91
970.51
982.99
924.16
1245.16
1361.05
1390.10
1424.07
609.29
1009.21
1339.99
723.56
1294.52
1365.45
1170.25
1357.59
737.60
951.89
1030.75
1388.54
1454.03
1355.06
993.92
1373.82
1346.08
1364.43
771.90
1328.03
1413.09
934.60
1043.85
1341.97
920.71
1236.44
1260.42
1099.30
1261.64
1034.13
1369.99
1315.90
928.28
1011.76
1378.43
1242.96
791.96
1086.90
1352.09
1333.62
1336.00
1301.73
1417.05
1010.21
1419.42
1378.31
1395.98
1383.12
1327.29
1171.28
1332.75
1234.30
803.27
1386.44
1313.90
1098.11
765.65
1146.06
1394.05
802.39
1401.25
1223.78
1305.81
1412.09
771.39
1132.32
1253.10
951.16
1169.17
736.76
1216.04
1055.84
857.30
625.70
1306.45
1369.45
1351.44
1388.05
994.27
1276.69
984.60
1368.12
1270.95
1342.16
925.54
1364.60
1352.46
1407.64
1390.81
1133.44
989.25
1369.83
1208.82
1379.61
837.05
915.44
1386.58
1408.44
1384.64
1387.82
1143.38
1268.96
1355.16
1359.73
1125.00
1390.61
961.07
1284.81
1327.02
1320.63
1381.49
1293.41
1331.36
1332.77
795.16
1181.37
1305.58
1140.54
1394.34
1437.08
1309.59
1287.01
882.56
1400.51
1257.56
970.29
1310.49
763.33
1445.59
837.13
780.28
644.34
1384.52
832.79
1276.73
1371.39
926.40
1352.68
1428.89
1242.08
962.70
1346.48
1299.11
937.00
1387.72
911.01
1417.63
1352.63
1218.53
1244.65
1292.92
1202.11
1370.19
1469.04
1228.59
646.22
936.56
1392.45
1199.18
1393.09
1046.11
1365.88
957.95
1372.62
1318.22
1407.97
924.90
1371.97
965.16
877.27
1365.23
1022.88
1317.76
1066.59
1301.43
538.38
1023.28
946.17
796.38
1278.16
625.62
1355.84
1233.05
1207.95
813.02
1336.34
1244.55
981.94
1330.65
1008.79
906.53
911.60
684.00
1129.29
1402.29
752.14
902.04
1360.59
1207.65
830.50
1338.14
1492.02
1100.05
1373.64
1175.34
1373.08
965.12
716.72
1150.12
1307.85
1420.57
1307.75
724.27
1190.22
1213.65
1347.52
1410.29
1420.21
1285.45
1366.95
1361.94
1196.35
1077.13
1381.76
1052.45
1347.64
1087.83
920.47
911.58
1253.59
1085.71
1437.19
1432.39
933.64
947.29
1254.08
1300.23
1223.70
713.54
1348.73
1281.62
1338.92
560.89
613.71
1354.50
831.04
1332.12
1379.99
1043.51
1319.21
1320.23
1358.88
625.47
669.41
1251.61
1000.42
1381.94
1030.32
1329.33
660.98
1009.91
1008.22
1351.52
1331.48
762.67
1426.89
1102.58
648.97
1251.74
1007.70
1364.21
979.58
1278.05
668.04
1015.98
1395.46
752.45
750.98
1345.17
1090.34
1281.39
1276.76
1233.17
1423.66
1373.02
1181.27
1349.90
1403.02
1059.59
1389.42
1325.00
1284.59
1365.10
1030.76
941.97
1451.43
962.95
1033.40
1021.15
1246.02
1306.00
1355.21
1384.65
1360.39
1380.01
914.35
1054.66
1252.45
1427.78
1062.13
1052.12
1307.51
1373.97
1340.57
1352.06
1376.29
1340.62
1276.45
1222.48
1346.63
1288.67
1183.53
1295.45
518.13
1376.56
924.10
1356.18
1291.40
1390.20
1414.73
1391.18
1050.24
1218.17
1341.51
1413.65
1064.86
986.80
1379.54
1463.11
1429.37
1270.18
1376.32
1081.85
898.27
1196.61
1308.42
1344.36
1226.61
1363.17
1367.63
912.32
730.37
949.85
954.60
1237.57
1396.34
1059.16
736.97
1383.78
1123.98
928.69
926.17
1363.13
667.59
1234.61
1349.64
1250.81
1213.55
1420.32
1360.06
1137.67
725.41
1367.09
891.72
1306.94
733.52
1394.77
1251.31
1339.47
1223.50
1376.93
1324.95
1341.49
1348.67
1044.50
1366.56
1340.28
1131.30
1376.66
1397.32
1082.37
1285.34
1059.47
1350.65
1299.50
1062.47
922.28
922.29
1405.27
1391.24
814.17
991.70
1363.94
793.35
1152.46
777.45
1396.01
1288.22
898.83
1369.25
1234.81
613.76
1114.82
536.36
1339.17
1251.11
1323.07
742.36
953.28
400.94
1046.96
1157.86
1103.63
1029.65
912.41
1061.18
1346.12
1329.79
982.55
1299.94
523.66
1002.15
824.65
1355.43
847.89
1414.68
1015.80
1415.53
1344.39
1353.76
1385.72
1175.69
1027.30
1030.10
753.73
1259.28
1377.31
1185.34
1348.65
1355.30
1407.63
801.84
421.32
1398.44
1162.75
1360.90
1367.80
1367.53
1331.94
861.84
1314.24
1061.31
1068.31
1403.36
899.93
1152.41
1341.61
1429.00
1337.85
1257.42
1089.14
834.31
1418.50
643.26
895.45
1175.90
1323.87
621.48
1318.76
1341.27
1375.22
1051.56
1386.65
1301.51
1390.65
1400.11
1358.66
1378.07
1329.84
426.69
1341.48
1354.88
1295.18
1341.06
1313.10
1375.69
1015.68
1057.96
828.41
1082.98
755.34
1024.97
1166.31
1284.89
1176.24
1307.16
1422.99
1238.30
997.76
850.78
1424.16
1169.76
921.11
1256.43
1335.06
1385.58
1340.69
1326.60
1326.02
1221.17
1353.53
1400.53
1065.56
1336.84
737.55
1376.53
1321.54
1343.62
1042.11
901.92
1384.74
1069.59
1343.56
1372.78
1017.99
621.23
1380.51
1309.31
1359.76
1096.37
855.90
1302.04
536.81
1359.74
1445.17
1360.08
1358.73
611.07
988.56
1394.57
1308.95
1116.92
1352.50
1334.10
940.04
526.66
1331.23
732.11
1235.30
1125.08
618.87
1320.81
1346.95
1303.94
938.66
615.81
1307.47
1083.38
769.68
1281.38
1308.39
542.06
1086.43
1352.92
728.03
979.58
1061.66
1198.70
1319.92
1387.77
1388.89
1328.59
646.46
1319.91
1385.67
627.85
790.85
1302.74
1356.85
535.86
1381.88
1376.66
1300.42
916.30
1349.77
1218.29
1198.14
1350.45
1392.02
1289.46
1315.79
641.24
1363.58
1044.51
944.66
1375.74
1442.13
1315.11
1009.55
1034.62
1014.21
1248.42
1275.28
1334.73
1412.80
1264.62
1353.69
1360.15
1198.08
1258.54
1269.25
1086.78
1240.67
1409.59
1246.79
704.16
857.97
1346.18
1352.84
1144.46
1297.98
825.98
1255.83
1322.97
1340.00
958.79
1240.85
1004.13
1331.93
1356.45
1247.70
1330.16
1349.08
1019.70
1428.47
628.42
1303.36
1409.78
1249.41
945.44
1374.13
1282.16
1016.66
1408.86
1349.83
618.01
1037.96
1216.87
919.55
521.83
1398.51
1313.48
1198.60
633.75
1284.86
1344.74
733.64
1371.94
1381.84
959.40
974.66
1222.50
1315.97
1426.25
1337.47
1229.75
1420.11
1242.16
1082.94
1013.08
1345.49
1338.06
1212.92
1397.53
1381.09
1078.19
1428.15
1373.47
1409.07
1264.05
718.08
1365.13
991.28
1288.54
1240.42
1083.36
1411.19
1319.18
1375.38
306.50
981.53
1386.38
1364.35
1374.75
1057.05
1413.00
1308.08
1284.26
1170.90
1368.48
1297.58
1257.60
1314.06
610.69
1104.58
999.50
1377.16
1366.57
1414.92
802.20
1370.59
1276.36
1447.89
1368.24
1013.76
818.59
1208.77
978.05
982.06
1060.92
945.66
1328.46
988.36
611.67
1388.77
1329.59
1333.35
947.01
1004.45
1282.61
946.98
1336.15
1360.59
1389.32
846.64
1308.46
1148.97
601.42
525.32
1348.63
407.25
935.18
1450.10
1463.07
837.27
1304.75
1356.43
955.99
429.38
1382.47
475.70
926.19
546.44
1370.09
743.05
1053.49
806.08
1378.35
1389.37
1386.55
1255.48
938.03
1385.14
1383.13
921.82
1019.84
1363.84
886.44
1052.78
1025.54
1363.24
809.85
854.42
1285.02
1024.39
684.73
1302.40
609.23
1415.03
807.45
1435.15
1120.90
1343.20
1092.51
1310.32
1243.91
1258.94
727.13
1111.79
978.99
1183.33
1233.36
1392.34
1101.53
1343.30
1419.94
1347.04
1260.13
1288.95
1303.04
628.91
1294.63
1039.84
1393.12
869.49
1382.69
840.79
1359.88
1344.25
1314.31
1403.21
1400.38
1357.80
1239.81
1366.88
1176.71
1232.02
1275.60
926.35
1403.67
1398.01
616.45
756.94
1328.08
1376.27
1225.30
1031.64
1302.89
1413.10
1154.72
753.58
1336.97
1351.47
1311.96
1435.14
425.59
621.85
1268.48
1374.48
1188.91
1357.62
1345.41
1162.28
987.18
1406.47
1300.36
937.66
1342.34
856.53
1423.49
1198.92
1332.20
1355.37
1090.04
1431.67
1350.95
845.62
1027.52
972.44
1382.91
1034.83
1437.97
1103.55
1423.28
725.34
1382.86
1359.38
914.52
1307.02
1264.67
1311.13
896.84
1033.07
945.12
1407.37
1069.21
1080.22
1343.67
449.13
1282.09
1232.33
1364.65
895.80
1368.56
1367.86
1231.71
759.03
1029.05
1369.53
1392.44
1285.97
1355.21
1415.16
1281.11
987.39
1335.44
1361.89
1270.99
817.01
1401.23
1366.93
1272.63
991.70
1047.32
1162.13
1401.41
1313.81
1019.76
1333.70
1313.16
1062.21
861.55
750.30
1375.57
650.27
1309.66
1052.03
1284.28
1174.37
1348.65
1213.28
1247.26
1041.84
1284.01
1218.13
1275.43
1300.66
1380.75
806.86
1357.62
1366.01
1336.14
1323.12
1272.17
1015.65
979.56
1404.92
1036.76
753.27
1027.37
1322.07
1066.12
1367.44
780.82
1273.79
1402.94
1343.30
1395.91
1059.22
1309.38
1301.97
1266.98
588.46
1268.19
1368.03
1242.41
1376.33
842.01
1390.83
1287.12
1402.14
1059.08
1074.76
1406.95
1202.42
1376.40
1393.09
1261.84
1320.27
1258.78
1419.95
1304.28
1401.57
1362.14
1333.08
848.34
1226.22
1390.48
1325.71
1229.08
1420.16
835.50
1220.22
978.04
1375.65
1427.61
1375.61
1334.22
916.56
1319.61
904.74
1168.92
1416.84
1273.99
1061.11
771.99
1428.17
1439.96
1415.36
629.87
1316.91
1375.59
1321.01
1297.23
938.06
1104.42
1256.27
1359.24
1380.49
1001.78
1368.44
958.03
1370.75
869.03
1126.36
1343.28
1345.59
1403.76
985.69
858.12
1399.22
1038.56
1211.67
1258.62
1368.03
1112.64
1368.15
1114.65
1502.54
1424.18
1304.94
1394.61
798.44
1380.37
1412.76
1329.58
1324.14
1403.68
1256.30
1011.47
1330.54
1123.57
1257.45
1278.59
1344.67
1336.75
1165.53
1338.96
1347.28
933.08
1319.59
1252.56
1291.01
1048.82
1441.07
1313.61
1418.59
1336.92
1307.12
1271.04
764.85
1312.31
1280.15
1351.55
1380.15
952.71
898.93
1274.44
1337.42
1366.42
1471.33
1208.31
919.24
1366.93
1371.81
743.64
1242.61
936.65
1369.31
1293.29
1298.34
726.86
1141.63
1162.81
1330.30
1256.93
1380.96
802.87
1351.20
1374.91
1390.18
669.01
1308.27
1392.02
1131.45
1245.40
1282.07
1033.96
1011.87
1298.12
1389.49
1342.36
1081.35
934.01
1405.74
808.43
1345.39
641.25
1345.15
732.76
1378.48
943.67
1430.85
1036.52
1446.02
1343.67
716.16
1325.99
1000.23
1044.24
1382.14
1400.13
1385.23
1217.93
1431.18
1372.20
1297.03
1379.83
1362.53
909.85
1097.18
1133.92
1329.14
927.77
1324.21
1264.89
778.45
915.03
730.43
726.26
1040.33
1015.94
1013.48
1274.19
1129.38
1384.28
1373.55
1271.41
1241.04
1217.74
921.77
1059.94
1076.36
1364.24
1280.11
1249.16
1116.91
955.39
994.15
1178.72
1362.91
929.31
1152.25
917.92
1410.05
1035.33
659.01
1450.36
918.13
1004.61
1372.23
1118.13
1324.76
1370.11
1271.63
1384.78
528.15
1311.93
1314.80
1323.28
1180.41
1394.58
1363.54
1304.69
644.90
1002.54
1286.50
1239.56
716.67
916.27
1226.44
1355.13
621.23
1373.92
1344.01
1348.65
1298.96
1379.91
1040.54
1416.27
1353.71
1400.98
1369.97
980.26
1011.70
1291.80
1000.74
980.38
859.13
1392.62
1150.87
780.44
1374.77
1321.29
1337.66
1326.66
1321.43
633.00
1378.26
1057.74
850.15
1356.78
716.37
1349.27
1326.13
1190.52
1341.36
1110.09
1435.95
806.28
666.36
1326.13
1322.11
1346.56
1347.43
753.02
1306.33
1004.92
1335.34
1431.44
1057.62
1308.89
974.10
1345.91
1325.53
1381.72
1276.23
1415.83
703.12
1417.18
1317.62
975.83
1029.56
1399.21
1371.21
980.05
1276.88
1344.22
1271.39
1187.26
1310.91
1343.61
1183.33
1388.12
1371.80
1341.96
1204.89
916.69
512.66
1275.85
798.09
1006.05
1373.30
631.62
1213.00
826.17
1349.90
1308.51
1432.88
756.24
1197.51
812.37
815.34
1043.13
725.20
411.84
672.14
1278.74
1210.65
1380.40
1329.16
1234.89
1397.81
1026.05
918.94
1252.91
1359.59
1348.76
1045.52
653.45
1327.64
1313.79
914.76
1277.72
1368.49
1377.11
1232.16
1214.95
1345.34
1304.32
1068.31
1335.01
828.92
1206.53
673.33
1383.14
754.18
1367.42
1332.87
1402.63
1359.17
1360.39
1292.72
999.79
1236.22
1242.75
1068.73
1231.94
1428.54
1375.81
1022.00
1235.66
1093.06
1401.89
1359.04
1367.83
1185.39
719.59
1317.11
809.04
1325.43
1354.57
1265.16
1375.00
318.53
1167.32
1334.35
1375.82
1060.83
1374.54
530.47
1341.45
1087.56
1448.33
1279.19
1186.47
519.05
754.54
1346.12
1380.51
1362.25
1272.99
1374.61
1383.60
1052.44
1273.69
1328.51
1351.78
796.79
1312.61
1268.02
1374.17
1108.49
1026.65
1391.24
1068.47
1416.15
1369.31
1368.88
1238.13
1038.17
993.04
1346.34
1302.65
1433.44
1333.95
1196.52
1382.72
1330.30
1214.45
1055.73
910.94
1328.05
1266.51
875.85
926.12
1112.14
1158.54
736.40
1384.87
1230.90
1371.55
1351.88
1355.15
1394.24
1065.03
1430.81
926.37
1260.44
1328.25
1244.67
1299.56
1261.17
1235.50
1408.58
1277.88
1298.22
1007.80
1114.05
1306.47
1059.90
1398.36
1427.64
1034.69
1314.36
1346.82
1361.34
1400.68
1361.79
937.94
1370.45
1354.02
1076.47
874.68
1365.79
730.43
1102.69
1298.07
837.03
1272.83
1342.39
689.06
1364.46
990.41
1237.70
1356.88
1408.89
1482.62
1249.16
819.81
908.78
1354.10
1024.36
1309.26
1096.68
1386.36
1085.62
1004.03
848.04
1327.16
1362.23
1313.76
1301.33
1372.55
1377.33
1372.36
768.96
848.53
1367.94
1014.68
923.32
1152.54
1368.03
1293.46
1033.45
1006.34
1103.33
1305.59
1128.19
1372.30
937.13
1423.98
937.10
1260.02
1071.00
1424.79
1039.58
1366.84
1434.15
1226.94
1451.94
926.50
1409.54
1439.19
1330.79
621.22
716.35
1287.80
1374.05
1260.49
1349.93
1288.26
918.89
1056.02
1296.75
1337.00
1258.31
1061.86
1344.71
999.91
728.34
1140.71
967.50
944.20
778.87
745.33
1038.58
1337.51
1090.63
1363.41
1364.93
1378.90
868.67
1386.23
1367.74
902.47
1273.61
982.82
1408.11
1071.74
1048.59
995.72
1123.74
1053.82
1364.94
1453.63
1320.91
1001.03
1374.71
1408.23
1247.57
1226.60
1343.59
1410.46
525.07
1413.14
1320.72
955.98
1038.70
1404.92
1363.14
862.41
1372.66
873.37
1398.91
1261.60
1291.51
642.38
1249.38
1271.47
1391.62
1300.42
1363.07
1191.53
628.69
1133.77
859.15
1318.34
1381.90
1295.37
915.97
955.07
1391.51
1225.24
1299.47
1351.71
1281.17
1358.13
716.03
1356.10
1358.56
1378.90
1401.15
1349.41
877.73
1386.32
1376.65
801.29
863.89
1382.99
795.81
1384.02
1004.04
1224.13
1141.91
1004.29
1350.52
1338.93
1373.62
1389.21
1074.73
1378.28
1381.99
741.44
1007.25
1384.61
1031.16
742.90
1027.33
968.26
1279.91
1228.61
1376.07
1327.34
1111.25
968.22
1028.05
1372.51
1377.74
1374.01
935.66
576.59
821.70
1406.55
865.61
1361.81
1190.10
1402.38
690.26
1362.61
1100.52
1259.85
1395.61
979.76
1353.31
1409.81
1012.87
916.08
1144.48
1039.30
930.11
1417.27
925.76
1275.13
798.54
1203.89
1255.33
1375.64
1483.29
1039.49
884.37
1434.38
614.95
835.64
879.40
1345.83
1158.49
1335.79
1318.62
628.38
966.21
1307.60
1382.90
1260.89
967.51
1249.48
1295.11
1470.03
951.46
1146.35
613.15
985.53
1217.48
1357.18
1360.39
1438.74
1247.17
932.13
1107.78
595.81
1141.24
761.15
1198.97
1327.02
1272.29
1377.43
1216.67
1224.34
1154.06
1107.98
1091.67
629.95
1088.94
973.71
1287.07
671.55
1423.36
1385.90
1351.10
1342.89
1379.68
705.84
1311.80
1361.53
1378.83
1378.25
911.24
1392.91
596.28
720.08
911.96
1179.76
1026.98
753.08
1373.68
553.70
1409.46
1211.03
1371.53
1143.92
1442.71
758.20
1349.24
803.61
1380.58
1347.46
1340.37
1311.19
1055.60
991.10
1355.78
631.50
1411.48
1311.48
1376.81
1372.41
1210.23
1188.88
1231.97
1252.60
1364.82
1397.88
1378.94
997.00
1143.47
1384.72
1137.21
1339.88
1392.23
973.33
714.28
1357.08
1297.67
1374.30
1386.45
1369.63
1410.15
1084.67
1362.93
1238.88
884.75
934.97
1333.72
1298.60
850.40
930.83
1093.63
760.34
1393.16
1277.47
1029.38
1180.47
1408.35
1238.70
541.71
1373.88
1385.74
1120.52
1377.04
1398.33
1313.54
1370.32
1354.71
1389.08
1412.50
1413.23
618.72
1258.55
1347.71
1434.07
919.48
1368.98
761.83
1321.49
1358.58
1349.42
1362.05
1027.72
1136.22
1345.76
1037.74
1055.28
1093.82
1167.23
919.33
1037.24
640.62
978.80
1263.36
1236.38
743.86
1302.77
1061.56
1337.30
1316.20
1330.25
1054.36
1193.87
1056.27
1028.43
1045.20
1116.79
1324.18
1296.90
839.07
1190.91
1026.84
1363.10
1219.32
768.79
1190.45
1240.08
1396.71
1320.35
904.63
605.84
823.78
1337.51
1254.23
1359.72
1105.55
1368.21
1376.82
1172.08
1244.28
1327.60
1366.47
732.49
642.74
947.92
1341.85
585.42
1081.03
1060.48
1418.03
1301.88
1055.58
967.89
1260.33
1331.43
1347.57
978.29
1005.22
1422.20
1344.34
1305.51
1344.96
1264.28
1333.49
1362.59
1341.07
923.00
940.38
938.06
1311.77
1005.22
1133.63
1253.39
1013.67
1030.16
1113.46
824.78
791.36
1063.77
218.22
1243.69
1417.93
1423.83
1302.81
901.76
1336.92
1243.57
1380.07
675.18
588.24
1279.50
1367.60
1017.68
1351.49
915.01
631.53
1080.80
1041.27
1253.44
1163.19
734.45
1185.46
1331.77
1323.67
1342.26
1425.91
1223.85
1036.27
1408.60
1361.46
1298.06
1182.38
1339.23
1458.11
1317.90
1357.00
1289.31
1243.19
1413.58
1321.68
1365.78
1410.83
1366.66
1135.67
940.41
1075.72
1399.32
1374.50
1033.46
1336.60
1119.37
1091.46
632.30
1148.86
1473.70
1249.09
1232.18
1380.69
1063.65
1282.40
901.78
1081.59
794.35
1256.08
1404.97
1399.18
949.05
1001.71
1368.47
1399.52
959.10
1289.08
970.16
1400.88
1224.97
1249.86
1373.35
1059.62
1002.20
1278.80
1411.97
969.41
1319.88
729.67
1346.26
1411.59
936.08
1249.14
1366.04
1439.23
1364.17
1231.50
1430.52
884.03
1303.38
624.84
1172.01
1101.41
981.75
957.62
1445.37
1257.48
809.00
1147.54
1118.45
969.27
1333.37
1374.63
1393.54
1361.79
1089.39
1230.11
1223.96
1382.90
1384.23
1452.06
1267.25
1379.73
1348.00
1107.58
992.26
1336.03
1325.76
1389.71
1398.32
1386.49
1467.29
1414.74
708.97
770.50
1408.86
1350.47
1196.13
1066.87
1333.57
1066.52
1329.45
1232.52
1061.04
1322.30
1371.20
1345.76
1419.72
1377.82
726.97
803.02
1397.50
1360.89
1230.87
1414.07
1141.06
1094.53
1130.39
1243.32
1339.80
1135.62
1373.83
972.73
834.06
1317.23
1405.08
1312.18
913.10
1044.31
1379.50
1238.54
1442.90
1364.07
1344.00
1348.45
1366.47
1340.34
1349.35
1083.05
1422.44
1221.70
1391.44
1264.09
1307.57
1253.68
1293.31
1360.93
1375.70
1157.95
1259.43
1136.01
1494.57
1178.16
1289.40
1427.96
997.94
839.89
1438.76
1055.17
1415.29
928.33
991.15
1352.90
1263.11
1380.51
1048.84
1389.29
1313.23
1205.84
788.62
1245.15
1411.14
754.20
952.33
1218.96
1030.53
1288.89
1192.45
1432.20
1113.44
1377.34
1338.78
930.16
1224.05
719.28
978.40
1249.15
1262.49
887.78
1030.44
749.51
1283.89
1331.12
928.82
942.64
1313.84
1425.70
1316.16
1376.84
1012.40
1228.72
1429.92
801.93
1365.80
1241.69
1415.61
908.74
1387.80
1265.93
1432.78
1317.72
1227.42
1344.81
1321.40
1143.10
947.70
1304.32
936.25
848.30
1378.39
1041.85
815.19
1389.31
1098.76
1342.95
885.96
689.58
1326.45
1037.79
1399.87
505.57
1223.27
1335.95
1002.50
1301.90
1342.67
611.44
1349.87
763.38
1326.66
968.99
1083.18
1352.61
747.77
785.37
1185.23
1311.60
1463.85
1356.35
1169.75
1319.41
1349.78
1354.20
1251.54
1292.19
1035.44
1429.24
1023.11
1396.36
896.61
1437.32
1010.55
1361.80
496.36
1420.62
802.08
761.39
996.91
901.37
1243.41
976.40
854.33
1448.62
1387.06
1375.47
1285.36
907.26
1312.81
1440.36
1305.46
1369.18
722.57
1327.43
1159.73
1032.13
1181.54
1417.98
1347.22
1021.38
1334.54
926.00
1276.95
1208.30
1057.81
1033.03
1251.30
1335.09
952.83
1209.90
1321.12
1402.69
1280.58
1405.25
1353.63
1456.52
850.05
900.52
1076.53
1378.39
1330.34
1437.23
1057.33
1059.44
1325.05
1349.53
1333.16
1428.02
1269.35
1374.03
794.18
1340.55
1371.88
1427.44
1266.69
1087.93
1353.16
539.18
1337.79
1107.03
1291.30
980.51
724.95
1417.72
1387.86
1268.60
1348.62
815.92
1417.05
1404.26
844.73
996.45
1410.29
832.17
863.51
1361.76
1379.26
1381.74
1248.29
1318.82
1266.91
615.59
1340.77
927.24
1099.15
1273.44
960.68
1391.17
1360.26
1079.21
853.95
1304.33
514.75
1347.76
803.22
750.54
1367.01
997.92
625.82
1348.57
1363.35
1330.48
665.38
620.34
1340.95
1412.62
1026.22
1246.24
1032.94
1382.97
1315.14
1140.61
1398.75
1259.80
1325.74
1334.28
1408.74
1338.59
1398.65
1419.94
1010.39
1381.34
1077.69
1324.40
395.51
906.69
1019.08
1360.69
1334.08
1122.43
1023.23
1280.16
1361.42
1243.68
1325.53
816.82
1434.95
1351.05
920.12
1333.14
1345.75
1369.74
1010.45
1106.98
1331.72
1202.12
1322.55
890.68
1301.49
1250.99
1362.01
1356.83
1311.37
1231.18
753.27
1373.43
1065.66
1185.09
1341.74
409.75
975.92
912.47
1258.73
1290.91
420.07
703.43
1415.10
1365.49
924.96
1320.37
1340.22
1099.47
1368.04
718.63
1142.95
1399.28
1202.76
1248.69
1358.71
1058.78
1256.83
947.77
1426.92
1018.19
1317.00
1293.98
1343.20
1405.26
1276.84
1340.33
1432.98
1244.14
1376.52
912.50
979.84
420.05
825.22
1228.08
1250.65
1111.12
1446.47
1448.86
1380.18
1336.84
1397.53
691.27
1123.50
1360.90
1272.13
1151.63
1178.12
508.28
1225.26
1373.34
1387.69
735.74
1354.32
1385.30
1399.17
777.08
1271.80
1412.70
1376.20
1333.70
1335.43
1336.85
1435.91
942.86
1073.21
1378.86
521.30
1235.96
1295.75
1041.82
1365.25
1309.27
1387.25
411.56
1282.55
803.90
521.85
443.71
938.40
753.59
1373.04
1368.40
979.30
1205.49
1428.10
1404.60
1294.64
925.52
1342.06
1272.91
1370.49
1006.53
1318.83
1000.17
1111.15
1240.16
1350.94
919.19
1370.88
1323.57
1253.27
1135.09
1356.09
1276.92
1380.63
804.88
1229.09
797.16
921.15
1402.63
1322.72
1084.25
1218.83
747.61
929.54
1026.10
1088.10
1383.37
1398.57
1394.15
1336.02
1345.32
969.07
1383.22
1304.02
1371.77
683.33
1221.41
1420.38
1138.63
1027.38
960.65
1360.11
1054.86
1039.07
972.61
854.99
1356.66
761.08
1238.33
1356.09
1342.86
1252.22
1418.09
1017.71
1145.71
1427.19
843.38
956.57
1346.36
1347.49
1016.73
653.27
1353.63
1297.94
846.74
1035.82
1344.32
952.91
1342.99
1293.63
926.24
1355.43
1416.82
993.75
1315.04
965.55
1006.88
1218.71
1021.62
1370.31
1368.17
907.35
1353.32
525.19
1372.58
1346.60
1151.89
1414.42
653.86
1116.06
1297.54
1333.17
1323.77
1272.82
1295.81
1399.92
838.62
1300.68
1054.61
1333.81
1383.45
1141.50
776.33
922.95
1209.44
740.93
1214.50
1360.07
738.57
1034.82
1033.64
1351.38
1139.59
1341.81
706.24
889.12
1343.47
1444.47
1383.20
1388.64
1312.94
1365.13
1422.83
1388.54
1311.20
1254.42
1313.14
1425.63
1010.52
902.42
1052.46
1342.46
1173.85
905.47
748.20
1352.80
845.04
1079.40
650.79
1055.83
1343.00
1423.44
999.85
624.69
1400.77
1014.69
691.54
1209.30
1134.41
1134.66
1004.81
797.85
1379.75
1391.21
1378.56
1469.37
985.75
628.83
1257.57
1386.74
1184.98
1308.94
904.55
1392.12
1277.28
1383.44
1318.35
1331.78
1212.73
1413.28
1344.12
1047.41
1240.53
1349.62
1372.15
1358.53
1380.99
1375.38
1282.56
1350.27
1074.03
1359.44
1383.45
1039.78
1396.08
1387.98
1379.22
1307.68
683.81
1049.00
1339.23
974.66
1393.02
1378.00
1108.57
848.57
833.39
1034.24
1351.79
1374.22
1415.51
1308.65
1104.24
1375.29
1241.54
1380.04
1388.64
1030.27
1332.88
1326.57
1232.43
1059.98
799.68
1393.60
831.48
629.50
917.90
1046.27
1327.14
1383.15
1411.06
927.85
1293.37
958.50
1347.51
969.54
1472.82
1354.55
1372.42
1360.78
811.48
1086.14
1371.05
938.57
1028.40
1223.81
1162.56
1329.89
1338.48
1408.65
1243.04
436.37
1423.98
1020.82
1168.30
627.89
1394.13
1379.18
1384.41
1351.66
1205.19
1378.75
1382.64
744.49
1378.27
1321.57
1372.54
1105.06
1472.08
1459.10
1377.33
1293.78
1365.03
640.76
1297.18
907.89
1076.77
668.32
1368.07
1413.29
762.59
1387.24
1336.86
1342.09
732.13
1111.63
1305.98
1379.41
1158.30
1099.41
1335.02
1342.53
1399.11
1063.84
854.17
1376.82
1356.29
1388.59
1356.59
1390.09
1325.12
1300.77
1390.72
798.07
1466.30
904.32
775.02
1371.13
672.15
1360.44
456.88
1203.31
854.62
1222.00
1418.84
1442.65
1227.98
1386.87
658.62
1054.33
1277.38
676.85
1395.27
1146.68
1356.34
1263.21
1007.36
1357.07
1332.49
1296.44
1266.35
1297.19
1338.50
516.13
1395.68
1488.13
1041.09
1364.20
331.76
1237.48
1079.03
1356.38
807.05
511.42
969.05
1381.78
1380.16
1360.97
1329.67
1238.92
1200.47
1409.08
1040.76
1049.80
1097.89
773.59
1371.60
1334.91
1299.52
978.79
423.08
1237.42
1278.88
708.48
1367.53
1345.03
657.01
1355.32
1349.39
1447.33
820.88
1255.60
1224.79
934.58
1143.88
1268.86
1266.20
1234.43
1232.30
1295.89
1359.09
1321.63
1213.77
885.57
1373.21
1222.17
1042.63
1313.37
1412.14
1383.52
1163.91
613.97
1220.46
1351.58
1134.08
1392.55
1283.31
1199.16
1357.24
1362.87
1207.88
1068.52
1089.07
1377.34
1155.09
1482.60
1407.61
632.96
1308.72
1416.02
1070.65
1365.11
919.60
1485.35
1341.94
1159.98
1114.41
1058.01
1342.63
734.59
1403.84
1187.12
648.31
1433.38
1006.41
937.20
898.75
1290.73
1135.18
1275.98
766.60
1301.47
718.80
1416.59
1410.27
1303.52
1421.68
1385.62
1373.10
1333.45
1317.68
964.05
1388.08
1344.73
1296.15
1317.04
1388.64
1234.82
1355.74
1329.08
1365.00
1280.11
1077.40
1307.40
1301.09
612.53
1059.47
1212.71
912.02
1368.85
1341.23
1087.45
1308.78
1404.86
1207.21
1440.61
1063.17
1407.63
988.80
1409.24
1119.08
1410.89
1368.10
1062.05
654.65
1258.74
637.07
890.38
1380.89
1334.10
1312.94
1149.79
1286.29
890.16
1371.90
1389.98
1200.27
1362.52
1008.03
1323.58
1362.45
1334.04
931.02
1321.35
1338.80
1365.82
1015.64
432.31
851.05
1389.70
1275.75
1250.69
1246.36
1326.83
1388.10
1242.40
1274.93
702.92
1322.88
928.17
1278.73
1062.55
1351.37
1363.29
1308.05
946.01
666.86
959.06
1378.89
1366.33
1062.25
1422.18
1384.80
1021.15
1410.06
1232.49
1163.78
1295.41
712.06
1204.88
727.51
1378.81
1314.37
1229.97
1334.64
1343.25
1329.99
1399.24
1327.70
1184.30
1275.83
1427.49
714.74
1201.71
1367.47
1274.90
1210.46
1352.34
1106.46
1331.25
944.30
1354.58
893.05
1403.39
1372.07
1378.96
1013.53
929.26
1042.40
1434.90
763.47
1032.34
1102.41
787.56
1354.04
1426.76
1272.59
1376.03
1358.10
1105.45
920.16
1327.58
1353.08
1376.40
984.27
1384.48
1347.06
1053.38
700.33
1338.30
1334.04
1393.39
318.03
1286.34
1402.33
1396.73
1288.37
1377.37
1369.22
1040.62
1427.18
1303.23
1392.79
1390.72
1418.24
1316.33
1252.63
1003.82
1242.21
282.86
939.66
1135.95
1198.52
1329.33
1402.50
1004.83
1270.22
1333.59
960.13
1043.05
1241.49
1406.85
1380.18
1388.18
1354.11
1419.91
1420.53
995.84
1302.47
1103.88
776.83
1245.24
1051.71
615.32
1088.27
1420.90
1279.38
1082.19
1244.29
820.85
833.00
1126.97
1311.85
1411.97
1264.62
1383.12
834.49
606.12
1332.37
1369.36
1035.91
791.79
1409.84
1311.79
1345.64
1050.21
1075.31
1340.19
1231.87
1372.10
1036.34
1370.12
1358.35
730.64
1308.62
1287.29
1391.68
1237.88
1371.71
1311.54
1018.71
1359.79
1391.45
997.86
788.52
1341.76
1416.14
901.16
783.35
1038.64
1328.24
830.52
851.76
1197.12
1114.68
1418.56
1159.72
1403.00
1323.11
724.64
1375.66
1108.58
1336.66
1391.86
757.77
932.37
1031.58
1263.57
1361.45
1356.58
761.21
1235.30
922.56
1273.90
1141.99
1366.79
1306.47
1400.66
301.27
1394.69
1087.81
1025.11
1077.65
1387.62
1106.35
959.61
997.49
1444.91
602.25
1309.85
1242.63
922.06
1309.14
1371.65
854.24
1146.61
1353.04
1441.54
1088.50
1320.46
1321.40
991.00
1321.73
1340.84
1213.57
728.55
965.40
1329.15
1222.56
675.68
1272.53
1241.96
1373.08
1333.04
1198.79
1367.01
1250.26
1011.60
1327.46
1360.96
1023.93
1336.76
793.41
1379.73
1098.78
1160.43
1322.47
1133.79
1393.10
1343.28
1445.34
910.98
1408.88
1007.62
1081.15
591.81
712.57
1135.04
433.26
1225.76
1375.67
1085.34
1335.35
1314.60
1456.66
710.53
1391.98
825.87
1386.44
1422.29
1373.74
1341.68
1121.56
1376.01
1298.63
1371.51
605.09
1380.59
1411.11
1120.86
1033.56
961.68
1326.99
736.80
1069.14
1331.76
978.32
719.18
289.31
1349.52
1286.80
1276.83
737.33
1068.27
991.43
1291.07
1473.46
1401.68
1436.96
1388.53
1337.56
1352.89
1032.76
1014.00
1345.46
1413.33
965.26
1438.03
1273.24
859.36
1129.97
672.73
1391.23
747.74
1393.02
1431.96
707.84
1429.38
1421.30
1391.03
1290.27
912.17
623.51
1332.05
430.27
585.70
1298.70
621.63
640.02
1443.52
1268.79
328.34
1247.46
1349.14
1334.14
1116.23
1335.84
833.49
1067.95
924.63
1156.01
1012.00
1401.22
1371.82
1055.75
1345.86
1366.28
1160.48
1269.37
970.83
1338.42
1000.35
1340.16
1123.36
972.64
1373.14
1385.43
1347.20
1294.09
1018.70
1439.10
1378.11
1215.18
1249.37
1379.30
1415.85
1057.95
1296.74
1332.94
1282.60
1249.58
1325.11
1318.20
1345.26
671.11
1226.23
1323.62
977.61
1432.31
1243.83
1416.40
1407.79
1050.46
1240.25
1314.13
644.42
916.17
1353.56
1318.51
1431.00
1414.82
1338.99
997.87
1354.17
1259.61
1095.05
1350.90
1073.87
1278.39
1071.92
1333.60
924.04
1350.46
764.39
1340.43
1254.85
1283.89
1211.19
1001.32
1281.66
1364.76
1378.02
1363.33
1395.79
1289.72
976.09
1138.68
1378.21
1375.59
929.64
1100.98
1381.99
1039.55
1355.03
831.49
483.23
1081.51
1225.36
1136.28
1252.29
765.32
1330.84
1224.43
1404.34
1351.03
1223.29
1335.44
1354.92
759.16
1358.78
1099.87
1426.83
865.69
1048.86
998.40
1337.09
1309.42
1099.86
925.59
1354.25
998.71
404.70
1406.93
932.35
994.09
1037.49
1375.99
1345.54
1214.10
1223.81
786.86
1359.86
1385.75
752.13
1363.40
1340.97
1314.23
747.08
1063.59
882.51
957.84
1450.20
1235.86
922.54
1398.86
1248.01
703.97
1144.49
896.52
1188.71
1381.73
1351.60
1032.98
1365.79
1033.26
1379.15
838.96
1055.28
1021.94
1115.11
939.61
1312.46
1365.90
1248.02
738.58
1067.05
1310.49
1279.34
1337.99
1124.71
1382.27
772.51
1332.91
1057.53
1242.08
815.02
1373.62
1442.50
668.38
1419.00
1354.63
1407.57
1289.88
1035.76
786.07
991.13
1419.98
1361.32
1147.02
1394.34
1384.79
1388.59
908.21
1381.39
1257.69
1343.80
1365.52
655.43
1218.94
625.12
650.19
1342.02
1275.61
1393.67
1325.82
1414.43
733.61
830.15
1393.32
1148.94
1405.05
1372.25
1417.33
825.00
1405.64
790.99
861.22
1284.11
1364.86
1431.03
1381.66
1134.07
1441.07
1337.24
1208.82
992.66
1371.06
1350.26
1397.18
856.42
1381.83
932.01
1219.29
1284.63
1011.85
1235.81
1070.01
1366.08
1390.78
929.97
1290.95
1075.77
738.07
1275.90
1088.33
1356.66
1257.76
1402.92
930.87
1330.00
1440.01
1143.00
1298.40
919.27
1027.65
1038.10
1059.82
535.61
920.99
1348.49
1133.77
1361.49
1403.76
1211.82
948.79
1313.95
1225.25
1042.84
1070.41
399.77
933.75
1126.97
1181.93
782.70
1179.76
1382.71
940.82
973.92
1360.49
1110.75
933.59
1415.75
1343.21
735.43
1361.40
1336.60
980.36
1200.30
1425.70
1234.33
1387.23
1258.34
818.52
1427.53
1393.38
1408.49
1089.87
1322.58
1341.34
1133.48
1216.93
1318.37
1280.54
485.63
1165.07
1086.86
1061.91
889.97
1397.38
1064.19
1372.88
966.65
1173.60
1238.93
1310.18
1251.17
1024.00
713.63
1444.31
1233.40
1362.19
1387.22
796.42
1274.07
1084.24
1362.86
1368.47
1073.77
909.17
1133.26
1447.03
732.00
1435.77
1311.42
929.67
1372.11
1050.87
1150.74
1418.77
1141.56
1310.33
1117.04
1348.29
1103.65
1165.17
1217.99
1309.54
440.46
775.94
1401.87
746.17
1352.69
1385.38
1383.11
1192.50
730.60
754.46
648.62
1390.71
616.66
1336.65
1295.74
1249.55
1358.24
1337.35
1264.94
808.15
1365.50
1039.21
1356.91
626.64
767.13
1357.52
1368.89
894.39
1394.16
1360.95
1136.21
1047.35
920.38
1345.11
898.24
1431.87
1158.05
1305.82
1215.90
1112.66
1246.09
1337.26
1371.07
1256.28
1066.54
712.33
1363.41
1162.68
1000.81
738.75
1228.24
1310.74
491.53
1397.45
1109.54
1447.92
1352.87
1384.20
528.41
1198.98
1307.38
1278.02
1259.82
1353.78
1374.29
631.20
1415.95
1352.75
911.30
696.99
1059.74
1454.85
1021.08
1375.67
428.51
932.90
1345.49
1294.71
1215.38
829.69
809.34
566.46
1266.62
1394.86
1386.45
1386.53
1149.78
1096.09
1327.90
1422.23
1246.90
617.85
924.04
1441.09
1172.39
944.21
1369.90
838.90
874.12
1026.97
818.13
1331.08
1233.36
997.35
1217.73
786.18
1272.84
1380.97
662.33
945.67
1156.52
956.45
1269.24
1218.11
1279.93
838.56
1097.80
1311.11
606.61
1262.50
1336.08
1251.18
1406.87
979.87
1452.85
1372.22
1352.64
1333.00
1337.37
1052.45
1412.92
929.36
1422.75
1376.50
928.87
806.12
1285.14
1358.48
1365.72
1240.31
1270.54
1135.40
642.93
1333.04
1386.12
1042.33
1390.60
906.60
817.31
960.66
1409.21
1327.50
1324.45
1345.24
1419.48
943.65
1372.12
1230.61
1362.75
1229.19
1383.10
1301.81
1245.29
1263.05
1414.96
1372.64
1364.99
1168.40
1229.65
1313.24
756.32
1052.60
1322.41
1349.26
990.96
1436.96
1387.51
990.25
1333.43
911.95
1301.65
820.55
1398.18
1311.77
1381.90
839.22
1049.80
1436.88
1351.40
852.04
1454.23
1368.42
1420.55
1148.66
1240.51
1249.12
1403.42
1327.45
1029.38
628.17
1174.85
1378.46
829.05
667.51
1408.71
1305.67
846.44
959.78
1273.04
1359.42
816.22
1279.76
1068.81
1299.13
1339.31
1450.90
1371.59
1368.98
1431.49
1079.79
669.32
1362.04
1379.45
817.50
1341.75
490.41
649.50
1355.36
1134.17
1280.36
960.43
1324.95
1326.93
1424.19
1010.86
1403.10
654.44
1126.05
1207.22
1305.36
1322.09
1255.66
1233.78
997.59
1335.72
1279.23
1386.16
986.13
1387.03
1370.25
1012.98
1103.00
1122.59
1351.32
1011.78
1078.99
1323.40
1323.32
1367.51
1357.02
879.34
1363.97
1318.13
1264.76
1185.95
1389.13
1349.06
1359.50
1135.07
1360.07
1083.06
1386.59
777.78
1166.58
1432.18
1410.13
1026.34
1343.50
745.45
1018.14
1223.40
1330.17
1416.48
1230.21
1411.38
1156.13
1304.10
1403.62
512.78
1368.48
1169.69
387.61
964.44
1374.08
1344.91
1352.33
1296.90
1348.88
1347.56
891.54
1174.14
774.70
1045.53
1383.54
1420.76
1396.59
995.88
1370.49
1361.90
804.95
1183.21
1451.80
967.58
1232.07
1373.63
1323.38
1347.47
1356.97
1202.05
1358.42
1348.05
1241.41
1077.08
1106.33
991.26
647.34
1356.61
680.30
829.87
1326.19
1450.34
1224.05
673.72
1206.39
1422.35
932.14
1273.55
1005.75
1277.54
1375.21
846.08
1345.27
1043.23
1421.65
1369.32
1024.04
1437.26
1349.04
1309.33
1371.36
1358.38
1361.77
628.78
1316.63
1063.18
1212.81
1210.72
1354.51
929.82
1384.57
1444.08
1359.22
1200.14
1265.18
1301.83
1386.67
1354.18
883.70
1091.13
1074.30
1171.59
943.87
1008.65
745.19
1140.54
686.06
1102.44
1253.68
773.80
1006.75
1328.46
1168.70
1428.30
1168.06
1370.02
1465.20
998.19
1305.63
958.80
811.20
1347.21
1283.76
1131.29
1100.85
1376.77
1320.03
1326.44
1318.01
435.59
1092.02
1361.60
1211.63
1314.63
987.06
1267.75
1472.83
1379.01
524.93
744.41
1315.03
1388.61
1036.69
1306.16
1346.35
808.60
1231.44
654.06
621.55
988.15
1322.79
920.31
1045.08
684.09
1224.19
880.17
1340.30
1115.44
923.83
1309.36
1230.69
1373.75
1306.06
1174.59
1098.13
1359.20
1334.52
1071.91
1276.64
945.86
1376.01
1276.53
1238.54
1393.08
1211.87
1384.47
1325.83
539.76
1043.29
1371.04
921.76
1325.38
1220.35
1373.14
1368.51
1347.42
1349.70
1392.63
1302.57
1233.66
1064.30
985.48
704.51
1041.86
1426.84
912.08
1107.57
1247.74
1360.19
1016.07
1299.38
797.73
970.52
1379.47
596.95
1130.25
1033.33
1381.36
1431.12
1351.75
628.74
950.89
1264.55
1457.48
1399.50
1390.89
1338.25
1192.38
1118.70
1392.31
1271.27
1259.24
1388.15
1051.04
1370.68
1405.94
1437.70
1383.85
1446.18
851.38
1444.37
1227.03
1251.48
1350.97
1385.58
1258.61
1423.52
1021.98
518.45
1380.63
1336.61
739.18
1358.64
1027.04
1368.71
850.27
989.80
1378.92
1450.81
1388.35
1283.42
1084.62
943.44
802.65
1401.46
1197.48
1370.78
625.34
1038.66
1066.15
1403.70
1299.06
1029.58
1289.51
920.87
910.43
1399.01
1412.06
743.51
1377.95
1348.74
1303.06
921.49
678.71
1366.36
773.39
1396.07
1392.97
834.32
1386.77
985.91
1045.48
1212.18
739.90
1391.86
915.17
1187.21
1387.79
1380.19
1308.38
1418.72
1039.22
1368.47
788.18
1045.56
1239.37
1415.58
1357.32
1415.19
1319.74
1196.40
1297.05
1329.74
1344.45
831.79
1213.30
1375.08
1070.69
1365.27
1217.80
1301.16
1221.45
1395.58
1346.17
815.12
818.14
1355.64
1271.67
1371.99
1343.51
1380.31
1406.66
1353.11
1302.44
1219.67
1370.92
1047.87
1229.09
921.59
1014.80
1047.77
1375.97
1233.15
495.37
1419.20
1317.02
1377.37
1245.82
1252.60
1039.61
1096.82
1156.24
1048.99
953.09
737.09
1416.86
616.97
1283.61
1029.39
603.57
1362.04
900.97
1395.22
1225.24
901.92
1339.57
1350.01
1130.59
1387.76
1393.09
1410.53
1456.13
851.63
1355.60
1165.72
1347.58
1007.21
1108.86
1394.22
1354.32
1393.01
1157.23
1367.65
814.60
1319.64
1049.46
1239.96
704.30
1174.40
1091.60
1223.74
1216.08
1044.72
917.12
1339.01
1415.45
1326.34
1315.29
1335.95
842.53
1401.99
1411.91
910.83
1205.63
821.98
1310.01
1497.40
1224.05
1321.33
1366.59
1067.30
1001.11
1196.56
1391.98
840.05
1379.52
1350.04
1455.35
1415.43
1383.26
1042.16
1258.33
1003.30
1393.77
730.06
1359.72
1412.23
1342.34
1089.38
797.68
1220.23
1332.13
645.11
1386.74
1371.15
1506.86
1202.71
1347.87
1378.42
1046.04
1395.24
1028.96
1042.10
988.07
1335.57
1392.11
887.57
1119.31
1418.86
1298.35
1392.66
1369.27
1321.15
843.12
1380.70
1310.44
1031.17
1377.58
1372.96
1334.83
1372.22
1322.65
1312.93
1339.74
1258.11
1032.63
1368.40
1396.61
1381.38
1388.44
1348.67
1072.54
517.96
929.20
826.96
1389.80
1163.08
1357.35
585.17
987.45
1370.61
1346.43
1042.96
1324.28
1144.25
1386.42
1089.99
1236.05
965.35
1404.36
1114.46
1264.34
1031.27
1133.78
825.43
1295.15
1403.23
703.78
1322.79
1081.09
1334.71
1372.20
1258.30
1328.76
1427.82
534.27
1453.59
1222.18
1327.45
1361.69
767.92
1358.21
1341.47
845.67
1092.18
1367.58
1362.29
1237.96
1375.31
1400.99
1150.99
1381.52
1225.30
962.82
720.33
1327.07
1359.79
1315.76
1331.75
1217.38
1100.83
1364.25
638.96
1376.56
1257.72
1376.51
1339.36
642.44
1358.85
533.58
1234.01
1344.96
1331.34
1321.93
1341.62
1350.91
1072.10
1415.67
1388.61
1423.94
839.22
1233.87
1379.68
1365.07
940.86
1402.57
1280.71
1365.05
1143.27
1130.93
835.66
756.90
981.62
1092.35
1414.58
919.70
907.27
1432.62
1296.95
1281.16
1058.15
1145.85
1071.04
1297.66
1350.05
1091.81
1305.77
1286.18
1240.96
1278.63
1424.12
1225.70
1367.76
434.10
1371.66
924.39
1050.67
1392.33
1359.69
1408.79
1387.87
1266.45
1365.95
1306.01
758.57
977.51
1249.71
1343.15
536.46
1036.69
1230.25
1095.69
1193.43
1165.73
694.42
660.69
904.81
855.51
1109.92
767.88
1119.60
1171.32
1034.74
616.98
602.79
1380.52
924.09
1260.00
1355.79
1256.63
929.66
447.05
1362.93
1033.03
1428.20
873.50
1326.99
1025.22
984.45
1410.07
1333.74
747.03
1349.00
753.48
1232.88
1133.49
1255.88
826.33
1273.41
1059.38
1297.57
1348.21
338.27
808.12
1345.63
1426.51
1386.12
944.08
1325.16
1288.84
1327.83
1391.06
1411.33
1373.51
1081.29
1380.90
1024.78
1337.78
1080.30
620.10
1233.30
1342.36
831.47
1267.74
1466.43
1328.87
903.83
951.47
1500.80
1264.96
1237.89
1371.22
1216.54
540.92
876.50
1374.65
1369.73
1367.53
1343.71
1343.83
1008.64
1389.94
1308.83
1191.30
1324.95
1323.97
1361.89
1201.49
1249.56
1320.69
1120.77
1233.25
1359.13
593.96
1047.97
1377.95
963.54
625.64
1270.32
1420.69
1403.61
1052.22
1032.62
975.46
1359.95
1249.03
1117.23
1361.07
1103.33
1270.32
1443.50
1394.34
1325.86
1301.47
623.24
1148.89
1362.33
1354.05
1342.21
1477.62
717.83
1325.64
1339.71
628.16
910.04
1356.50
1407.45
1042.14
1237.84
1312.26
1026.66
1431.55
847.45
1361.48
1142.48
1345.60
1391.17
345.86
1432.50
1392.41
1123.57
1383.44
1342.10
1286.89
1434.96
762.67
635.75
611.30
1419.66
1009.97
1339.34
765.57
1094.82
1196.37
1220.79
1302.98
1382.02
980.00
696.28
731.95
1273.34
1324.59
1374.10
1357.24
1329.25
988.58
1322.69
1407.46
1019.15
1372.94
1349.72
1360.12
1213.81
942.15
1296.40
1155.45
1213.87
1266.59
1275.05
716.50
1254.03
1017.58
1221.77
1264.75
1343.54
1251.31
411.90
1362.17
913.15
1323.81
1353.07
1332.75
1319.51
1243.39
1376.81
1376.44
1236.81
1368.31
1373.21
909.51
978.04
1056.75
1152.77
1125.42
1386.22
1050.47
1081.74
1300.05
1398.52
1364.72
1313.84
1409.38
1280.49
1232.72
981.04
1318.45
1297.55
1301.01
1375.59
1285.00
1337.08
1357.92
1404.66
1109.35
1297.68
1363.14
1321.17
1378.70
1414.84
1364.96
1371.61
677.10
1348.03
633.13
1311.05
1300.81
1419.56
1423.32
1076.42
1285.99
1230.28
989.97
1381.49
1205.61
1391.88
1395.03
996.37
1238.17
918.67
935.03
1316.53
1306.07
1072.49
845.83
1386.65
1106.92
1322.41
707.83
962.36
1398.44
1036.21
1401.75
1239.57
652.23
1443.98
1365.74
1388.99
1134.71
1013.36
1410.43
1396.65
1413.15
1015.12
1388.48
1301.73
1129.71
1300.58
1422.37
1396.21
1335.36
1293.75
830.23
1383.39
1364.82
1271.41
792.11
1254.44
1231.81
1334.27
1325.41
1249.75
1004.55
730.17
1330.95
1042.26
1407.03
1357.58
1331.78
1364.51
1201.95
583.87
1052.34
1200.86
1404.50
1162.70
1206.06
1295.35
717.97
985.53
1067.78
1215.63
825.06
608.82
1366.46
1354.77
1420.70
763.86
1316.52
1114.11
1337.80
977.56
1040.13
1207.89
1320.01
1250.46
1152.19
1056.99
1344.74
1153.83
1084.42
945.65
1324.43
1248.92
1030.81
1457.83
686.11
1357.19
647.22
1433.85
1206.44
907.35
756.25
1354.72
1360.51
1392.60
1013.25
1396.37
1337.64
1154.00
1354.85
1296.15
1381.90
642.53
1368.44
1406.63
1401.16
1215.65
1371.80
1349.86
1358.22
996.72
1149.80
971.70
960.85
1388.39
829.42
1123.10
914.69
1303.96
809.99
1387.23
936.70
1290.16
1214.80
1146.45
1391.33
912.25
1138.34
1379.76
1397.82
1362.53
1387.49
615.36
1342.50
1363.56
1320.77
1376.78
1351.70
1209.36
1383.51
1310.00
1419.12
1279.20
1376.42
1022.93
1367.02
554.80
744.10
1301.99
1329.85
839.15
1325.94
718.81
1346.45
1283.97
1347.76
1451.05
1262.55
909.17
1316.35
1034.46
1360.78
1347.61
1046.73
787.18
1158.34
845.54
784.39
866.77
1287.51
785.70
1345.81
1284.86
893.67
1168.17
1384.33
1371.37
1060.10
1040.94
1356.05
1138.14
1065.19
990.69
1361.31
1248.02
642.03
1451.65
946.08
1059.79
1067.14
1321.83
1388.06
1344.50
1311.69
1222.54
1328.24
1393.01
1364.62
929.19
1209.01
808.50
1063.35
1391.44
1329.29
592.30
1436.96
1043.99
1144.58
1304.91
1327.91
1350.01
1031.58
984.05
1361.93
945.61
873.18
1211.62
1230.47
825.81
1386.95
1382.66
1033.23
1334.33
642.97
667.86
1345.30
949.09
1343.36
1272.51
1344.49
1037.76
1385.74
1334.22
759.30
619.74
1245.72
1329.61
1403.64
1401.29
1370.62
1109.82
1027.48
1090.99
1332.11
1333.30
883.83
946.17
1295.12
1285.35
1233.10
814.08
1387.99
910.91
1102.45
1310.10
1384.60
1345.92
623.41
1426.47
1333.78
1173.89
990.68
952.99
1133.68
825.44
843.62
1455.08
1383.50
1330.67
1141.51
1364.37
1370.87
1349.75
1295.71
1394.07
1229.93
402.81
1058.85
1136.60
1347.01
1360.53
1390.58
977.25
1420.54
1383.74
1078.44
1321.48
1081.34
1072.16
1318.95
1379.76
1217.37
1254.33
1281.77
983.47
1199.73
1271.86
1271.31
881.89
862.48
1323.18
979.64
1268.09
1270.40
869.98
1317.55
1334.12
875.14
1238.11
1408.19
1370.25
1193.65
1144.49
757.24
305.78
651.98
1300.30
1318.63
1060.71
1007.99
1353.77
937.69
946.09
1105.21
692.18
1345.05
1337.06
1364.16
1173.00
1318.37
1002.80
1373.86
1409.64
1073.09
1315.68
1417.28
1409.55
964.70
1361.74
1249.85
1371.79
1301.34
1379.22
1302.91
1025.55
1177.50
703.97
1251.34
1086.69
889.55
979.32
1378.72
1043.31
991.78
1328.04
1400.15
914.75
1200.39
1303.86
1339.65
1149.68
1279.10
1355.05
807.93
1377.38
1426.08
1371.77
1444.20
1305.53
1291.27
1391.57
1434.44
1287.17
932.84
1459.86
852.15
1429.06
1383.90
1338.94
1215.08
1345.25
1430.15
1314.00
705.04
538.13
1417.19
1374.60
1219.28
1309.36
601.18
1378.40
658.51
493.71
1354.07
1153.26
1218.50
1250.61
1332.08
1055.37
1128.33
1359.26
749.62
742.53
753.91
1289.85
1261.76
1335.43
938.27
1432.84
904.57
1026.15
974.93
1273.28
1259.00
1384.05
1370.75
1367.37
1002.98
1098.98
925.63
1423.83
666.95
1328.43
1412.21
1438.96
1443.04
976.20
941.72
1356.59
1006.80
903.36
1310.02
1308.96
1362.22
1006.80
1008.99
946.49
1230.55
1037.95
1273.09
1326.19
1015.09
1423.32
1026.22
833.30
1042.34
1382.95
1326.07
1407.46
1224.44
1499.85
1317.16
1394.75
1183.34
996.79
623.34
1356.37
1057.76
1071.25
1040.89
781.73
1401.27
1228.87
903.18
1400.53
1324.46
1308.07
1339.89
953.65
1215.17
547.27
1369.85
1396.76
1002.52
763.69
1236.03
1317.50
665.02
1244.47
812.75
1430.09
767.51
1127.06
795.92
1318.62
1367.64
742.06
1281.73
1340.68
1252.42
1408.07
1378.80
1261.30
1395.36
1319.47
1065.11
1008.79
1218.86
1185.34
1130.28
1394.63
1360.02
1320.45
1336.38
961.96
1300.58
932.18
1219.63
479.55
916.74
1282.92
603.44
1398.23
727.43
1369.93
825.33
398.49
1036.59
1052.43
1233.78
1364.42
1344.84
1426.85
1412.57
1068.29
1300.95
1294.04
1232.71
1238.26
1001.52
1394.31
1275.07
559.55
1426.40
1409.96
1389.71
1066.16
1308.08
793.38
1375.37
608.94
1289.24
1098.85
1203.42
738.07
756.75
923.29
1339.70
828.77
1379.59
1401.55
1361.80
1396.67
650.69
1436.94
746.44
1405.26
1092.43
1064.70
1404.42
1283.97
749.27
1196.83
1247.84
1283.54
1358.26
1089.54
742.65
1375.64
1053.89
1266.14
1327.03
753.19
1382.40
1034.65
1341.85
1334.23
1074.39
1375.97
1358.00
1429.40
1402.72
1101.98
1360.45
1341.86
1360.90
1301.96
1430.06
905.29
1241.32
1342.14
912.39
1443.08
1267.45
1288.59
978.76
1036.36
1316.76
1161.62
1285.58
1270.17
1348.86
1311.62
1391.33
1379.92
1339.85
1163.47
624.27
1364.66
879.15
1445.10
799.53
1101.47
589.08
1304.93
817.80
1294.54
1164.50
739.39
1344.42
1274.95
1234.47
505.96
1182.97
1357.07
434.22
1311.41
1369.80
1348.23
1358.96
1048.21
1253.44
1316.90
1400.92
1345.16
1030.26
1355.83
966.82
1336.39
900.87
1310.84
964.36
1291.28
1417.46
1403.42
1064.88
1055.92
1329.78
827.73
1387.59
990.47
638.51
937.62
1242.50
1385.51
713.23
1303.45
938.78
1107.50
751.36
1412.26
724.24
1047.82
1052.87
1392.18
1286.89
1233.35
1368.87
1368.57
1339.39
918.58
1386.64
1383.95
1167.30
863.57
943.10
1105.76
1404.01
1324.45
1336.35
1401.34
1004.76
1208.96
1260.35
1351.32
1336.39
1351.63
1390.40
1113.70
1397.12
1021.53
1373.94
1342.57
1243.79
1264.36
730.02
1378.92
1174.69
1366.81
527.92
1335.86
1333.10
1291.69
1353.44
1236.49
1435.83
1020.67
1003.75
1031.11
1328.79
1347.14
864.76
1259.26
1382.20
1027.81
1351.71
1334.65
1113.09
1351.45
771.60
1368.76
833.50
602.59
1356.62
1477.44
1391.90
1178.64
1291.90
1231.09
1146.75
999.20
1389.58
536.23
1308.95
1101.95
1401.21
1122.85
1339.05
1126.55
1161.14
1274.57
1350.16
1231.87
1080.68
751.17
1288.86
1125.55
844.21
699.99
1342.12
1388.43
1029.21
1229.04
731.58
1020.96
956.49
1237.19
1071.39
1369.12
1412.98
1076.49
634.78
1348.72
1100.45
1201.57
1377.43
1423.50
1049.90
1393.41
1350.32
1251.56
1020.49
1380.66
1319.47
1387.00
1281.81
1083.90
1127.79
1311.43
783.83
623.21
1359.95
1344.05
1310.88
1249.53
1152.79
1360.86
921.72
1379.63
1355.92
1341.75
1348.00
1288.83
1350.01
1401.52
1250.30
1364.01
1017.13
921.88
1383.63
1276.80
1065.03
1231.78
1316.33
1367.06
1123.21
1119.00
1375.67
1284.93
938.93
1020.39
915.71
1318.53
1101.77
1230.94
1070.24
1334.87
1424.46
1243.94
1387.30
1113.12
429.82
1313.06
969.90
1131.85
1210.61
1275.32
1390.71
1056.19
1064.39
986.71
1148.54
1115.08
1234.20
1222.32
1332.55
1291.11
1264.37
1387.69
656.67
1315.54
835.58
1072.21
1252.05
1370.05
1353.21
925.41
989.71
1422.66
1195.13
1310.96
1027.83
1358.41
920.61
1333.58
1334.53
1111.85
805.54
1365.28
1267.26
1301.70
1352.26
620.81
1362.95
1125.90
1366.67
1187.03
878.36
925.23
1163.68
693.81
1179.44
886.61
1306.95
1091.23
1253.83
739.38
1404.75
1375.28
994.93
1027.76
1342.27
1121.18
726.44
1367.86
801.61
1356.73
1318.83
1339.40
1340.51
839.34
1180.28
1389.39
1416.06
1394.07
1284.38
1306.85
994.38
1268.74
1338.22
406.40
1423.61
1380.93
1077.62
617.35
1358.23
1048.14
1362.51
1342.04
1363.23
760.04
1327.60
1006.40
1386.85
813.02
1381.93
1379.75
1279.42
1235.91
1346.37
1325.15
1224.50
1397.85
1123.18
1395.28
1363.27
1325.40
1217.46
1321.33
1369.15
984.90
1472.06
1006.13
698.86
1381.82
652.73
1029.40
1227.22
1095.27
1322.96
755.39
1395.75
1251.81
907.11
1399.19
1311.64
737.10
1447.59
976.08
1343.57
1104.45
1292.60
1120.80
1272.64
1285.74
1234.04
1361.16
1029.26
1391.44
806.32
1371.00
1390.28
813.36
1240.58
915.58
1396.40
1400.68
1301.81
1327.31
1223.11
973.99
1463.98
1309.41
1358.33
1377.10
862.75
359.39
1335.98
1389.29
1276.28
1011.29
1377.62
1321.82
1357.60
1399.22
1250.65
1303.17
1419.31
1358.12
1127.29
1337.89
1001.54
1164.15
1214.61
1378.06
1398.59
539.04
708.30
749.25
828.14
1227.82
1461.04
1210.75
1231.92
1338.03
1335.63
1034.48
735.54
1354.50
1221.21
859.15
1348.63
979.59
803.52
1356.80
1419.35
1285.00
1360.63
1133.60
1332.33
1322.89
1082.08
726.87
906.41
989.16
1340.99
1072.23
1448.43
907.08
1021.40
1369.51
1052.92
708.78
1043.12
1077.34
1397.16
1376.34
1291.95
920.64
1319.18
1061.78
1387.43
721.80
1336.24
1277.33
1363.80
930.21
1371.55
1323.14
1367.79
1378.48
1356.97
1341.04
1368.04
1353.16
1039.80
985.46
924.27
1208.21
1360.49
1374.41
1121.85
779.45
1262.36
1137.42
1439.08
1357.18
1441.75
681.67
1352.33
1330.79
1346.95
420.63
1193.42
1062.03
957.40
1405.23
1388.89
1009.43
789.12
1304.77
1260.51
1253.86
1080.18
1326.32
1382.49
801.96
1021.33
536.18
1225.27
1292.91
1332.11
1376.63
729.44
988.81
1339.51
1006.05
971.31
1404.73
835.03
1334.79
1058.98
1229.94
1314.56
1413.39
1025.19
757.53
1416.88
1348.53
1158.37
1050.15
594.54
1319.39
1327.39
1273.49
1387.07
1378.44
1059.00
961.70
1236.49
1440.78
1353.22
1340.64
513.11
1257.98
1215.79
1019.75
1246.44
1293.91
1367.75
1207.94
792.06
1336.96
1364.80
1008.26
1325.56
963.87
940.13
1146.11
1321.42
1152.68
1496.41
1350.28
746.12
1322.60
1443.64
1029.70
1250.13
1340.28
1190.36
1412.50
1150.37
1306.45
1053.67
1274.32
1277.43
1404.09
1346.78
969.71
921.02
1209.86
954.48
1349.30
1354.12
1427.72
1186.09
1409.50
1027.08
1174.25
1069.15
1312.79
911.12
823.08
705.24
1485.78
1016.45
1341.82
813.32
1329.39
999.90
1356.97
1386.56
959.05
995.28
1346.80
1433.89
1365.12
1338.61
931.43
1413.79
1440.58
1333.37
1397.82
1245.81
985.21
1349.47
1250.33
1451.15
1316.86
1135.90
1021.16
1333.01
1377.92
1405.63
1384.78
1134.84
1212.55
1419.27
640.31
926.98
1385.65
675.09
639.64
1239.72
1353.28
1393.31
1393.41
1343.72
1147.93
1106.29
1390.22
1374.63
1002.43
1333.26
1273.62
1141.56
603.49
818.01
927.79
1300.74
1309.23
1204.80
1025.35
1158.12
1413.84
1400.14
1109.54
1363.21
1370.84
1392.83
978.18
1018.55
1254.50
1136.69
1201.10
959.33
803.74
1332.74
1304.13
1262.44
723.50
904.72
791.58
883.53
684.93
846.20
756.36
1351.32
830.76
1341.92
1229.42
917.37
1327.48
901.62
847.47
1001.43
894.11
1364.41
1308.96
1339.02
1457.84
1381.39
1372.87
1088.99
1413.68
1297.88
1213.06
953.40
1263.89
1029.66
1390.15
1367.23
1033.63
1319.00
1332.82
1369.35
1203.36
862.93
1254.58
1225.95
1087.95
725.67
1232.19
1375.24
1049.61
1230.03
1354.72
944.96
1391.70
1392.24
1109.95
786.13
1400.93
1237.68
1055.13
1276.77
526.06
631.06
1389.61
881.31
1361.30
988.61
1127.35
1334.78
1047.69
965.69
1099.42
1397.12
1415.80
1295.08
1276.18
1377.86
1312.61
954.82
1372.74
1006.30
1352.64
1453.44
1463.32
1346.23
1384.86
1287.63
1392.39
1258.64
953.65
1431.23
1383.18
1328.83
1137.19
1338.09
829.57
580.34
1414.09
846.13
1398.34
1390.55
647.02
613.53
888.08
1244.52
1376.75
1230.87
1100.08
551.15
1383.57
1233.51
1347.45
1380.76
1399.50
1398.73
875.81
1399.41
1320.25
909.78
1381.72
1359.65
1079.55
1323.48
1385.89
958.77
1367.00
1323.38
1300.52
1248.00
1314.84
1325.12
1332.32
1370.00
1229.32
1013.64
1291.31
1315.36
1281.52
1379.51
1446.11
1241.26
1315.22
901.03
721.57
728.20
1308.24
1338.67
1400.78
1159.90
1379.03
1054.96
1168.60
1077.72
1436.93
1341.30
1301.26
1110.90
1220.04
1385.50
777.51
1198.33
1384.40
1391.09
1032.22
1329.31
1248.36
814.19
1030.30
549.63
1381.99
1289.86
1347.28
1325.31
645.28
1293.19
1390.92
1417.35
1383.82
1169.32
1131.93
740.29
1326.42
1449.67
1359.27
1391.63
1117.15
1404.16
1167.94
873.61
1369.35
1124.81
968.68
1339.15
1298.18
1357.11
1249.67
733.41
1321.99
1290.37
1287.48
1352.62
1339.89
1378.54
1234.02
1011.41
1375.70
1335.07
774.80
929.70
1420.23
1372.92
903.00
1348.66
749.42
1081.11
1357.75
1058.74
1326.51
1431.53
1427.44
694.34
962.38
1259.19
1227.80
1223.13
1008.84
1363.32
1068.44
1218.66
995.79
1431.58
1234.94
1321.34
1106.84
799.98
1341.57
997.01
986.27
1082.44
729.15
992.02
1301.90
1119.35
1356.67
1352.08
976.06
1299.74
1328.46
977.78
518.44
1070.21
1363.01
925.77
927.39
990.05
1209.50
1403.09
482.54
912.80
1091.06
1375.00
727.45
1413.91
1037.05
1374.84
1322.16
1065.31
1219.91
1042.14
1411.49
1370.05
1032.31
1295.68
1366.03
681.62
1388.72
1386.97
1180.91
941.49
1343.30
768.14
1369.00
1456.59
1379.74
1398.95
1399.35
1290.67
1083.32
1216.45
1286.00
942.50
838.64
1207.86
918.62
994.90
1384.98
1436.39
957.16
1156.50
1277.90
1333.82
1333.09
1394.52
1365.18
1325.14
1225.05
1324.16
1403.89
1317.16
814.91
1380.58
635.00
1177.42
913.87
1373.15
1339.84
1080.40
742.29
1396.17
1430.47
1346.73
1343.88
1061.69
1290.77
933.46
1195.37
485.05
1267.88
1224.03
1339.68
607.84
1393.13
1312.45
1419.87
1326.64
681.81
1020.65
1396.02
1321.68
1350.07
617.81
713.62
1327.18
1415.13
816.42
1351.64
1276.77
1114.27
1324.13
1383.65
1306.63
1107.84
1280.61
1254.75
1349.20
891.39
826.61
1026.53
1220.40
1288.35
857.81
1400.39
1409.21
1370.93
1446.28
1209.75
1288.11
1397.22
1343.08
1042.98
1373.68
1278.21
1346.27
1430.80
1274.95
1382.52
1291.54
1031.05
1276.96
1312.27
1309.11
1105.39
1117.83
1261.30
1375.36
1395.38
1222.85
1396.59
1379.35
1337.03
1453.63
1225.86
783.10
1071.26
1369.15
1409.88
766.46
1007.34
1398.28
1170.53
458.79
990.34
704.18
932.13
1365.87
1239.76
1055.37
905.16
1229.54
1214.70
1132.98
1014.52
1303.11
1326.63
1352.91
1278.49
747.31
912.12
1008.32
1318.50
897.68
1418.33
1206.45
1019.14
1510.18
1413.55
1457.73
1377.35
1277.42
1225.87
1202.20
1230.15
1093.89
1405.96
1392.97
1360.01
1434.23
1102.09
851.04
1063.68
1463.79
843.08
1383.80
1071.96
1058.61
1346.29
1260.65
1303.03
1346.29
1339.28
1269.23
1451.47
1238.53
1014.76
1382.51
1356.89
1209.87
1415.47
1280.33
1368.05
1418.17
671.04
1326.16
1019.50
1476.86
1309.41
623.56
1114.88
1402.08
1008.88
977.71
1397.56
1381.90
868.14
1503.91
958.07
1419.14
984.61
610.12
1380.82
1324.32
809.54
1304.43
1287.14
1003.10
1351.10
1237.76
1358.69
1344.34
821.88
740.79
1252.60
1292.12
1312.35
1328.90
920.75
1044.87
1137.07
1059.04
1350.94
1267.85
810.86
1363.59
1232.78
1199.60
1042.87
1064.90
1235.58
1394.46
1388.01
540.35
1309.51
1035.30
867.67
1209.48
1311.43
564.83
1380.42
1077.65
1061.55
1342.79
1392.97
777.24
1396.41
1244.37
1227.44
1316.41
830.19
1368.63
1378.80
1327.66
1414.37
1371.73
1372.28
1397.44
1320.73
1289.00
1271.37
1244.92
1380.13
1335.68
1352.92
1308.85
972.33
1378.89
1301.32
1156.88
1382.17
1400.48
1312.27
745.90
1326.46
1370.11
1291.67
508.14
1211.16
1373.20
947.84
672.83
1400.78
1352.70
1411.46
1051.45
987.61
1330.62
1184.61
709.79
1005.62
1411.00
1227.23
1096.69
1350.21
913.10
720.53
1286.04
947.15
1166.17
1046.74
1190.92
633.66
978.57
1220.87
1336.54
1358.94
1383.29
1228.95
1245.68
1351.24
1319.05
1178.50
1305.17
1455.55
1372.62
461.51
1380.21
1380.76
1107.34
1374.57
1012.11
1016.46
1377.48
1074.17
598.55
1346.78
839.29
1051.85
608.62
1186.31
768.16
1340.51
1444.62
1282.29
1049.91
1376.81
1234.41
1205.13
1351.84
1107.50
1430.06
734.78
1343.82
1297.82
922.20
1345.11
730.14
1116.03
1153.59
1277.59
1352.68
1337.69
1361.66
1051.24
970.58
735.78
917.02
1073.73
985.48
1014.09
1266.95
847.94
618.90
1059.96
1061.93
1398.37
1376.36
996.16
1171.04
1359.85
1035.27
917.30
990.30
1080.18
1337.02
1362.98
1389.48
1328.13
1280.86
1371.11
1390.43
1369.29
1279.37
1279.79
1298.94
1068.21
1268.11
1343.08
1218.38
1333.51
657.37
1226.12
1378.53
918.77
894.39
1361.86
1048.47
862.89
1005.82
1403.15
1402.12
1284.27
1353.01
1346.11
1115.00
1359.45
1298.00
783.85
725.51
1208.34
1380.00
1352.12
1364.36
1320.34
1407.50
1335.65
1340.74
1353.89
1345.74
1038.13
1375.43
1231.63
1309.26
1310.23
729.47
1208.37
1279.28
827.46
976.79
1368.13
1394.69
1131.93
790.35
1222.99
616.67
1279.23
1347.77
1184.43
1346.56
1038.69
1392.24
906.72
1383.33
620.09
1322.07
1312.90
1484.40
921.99
1400.60
1426.35
1343.00
1411.74
1424.40
1214.73
1252.18
1211.98
1308.09
1300.67
1402.78
1281.71
1324.12
1411.72
1367.22
1407.23
1145.83
1372.13
1416.68
1361.47
1375.15
957.71
1364.72
1410.30
1390.15
1262.86
734.17
920.87
1203.35
1311.40
1097.70
1301.32
954.23
1420.58
1012.59
638.31
1355.41
1369.20
1362.24
1218.39
1190.53
1296.29
618.50
1350.33
1421.13
1383.49
1274.97
1347.12
1249.32
1233.68
1374.37
1303.84
1355.02
1394.85
1410.91
1281.53
1419.06
1369.94
1409.41
1225.34
1236.45
1310.37
1352.87
1438.09
1426.11
1398.74
1045.48
1465.76
1393.38
1380.51
1081.88
1419.26
633.08
1255.98
1080.95
1403.51
1204.23
1335.78
1153.77
1089.53
1271.53
917.56
1038.41
1419.39
646.65
1348.19
1055.66
1308.01
1214.24
1261.35
1362.96
1287.89
1136.34
1139.27
1340.87
1219.88
1380.19
1351.49
1383.95
1047.48
1008.88
1327.54
1290.53
1239.63
1016.08
843.63
1187.96
1330.35
1354.84
667.61
1370.86
493.58
690.59
1371.50
1122.27
1303.40
1167.39
1424.66
887.86
1233.64
1009.82
1163.66
1104.15
950.13
1205.33
1145.46
1368.78
1027.66
1366.68
1214.37
1115.52
1371.56
1345.31
1013.31
672.61
1401.17
1120.27
529.38
1324.10
1320.19
1431.71
1247.33
1368.82
1135.44
1337.49
1418.70
1453.66
801.30
926.31
1368.22
1393.35
1277.57
792.74
1375.81
1363.01
1368.81
1331.63
1256.36
1286.78
1317.97
1416.65
1353.88
1340.67
1366.27
1216.26
799.24
1058.47
1334.00
1365.67
620.31
917.21
1298.99
1394.67
1011.91
1343.73
1364.83
1360.89
1329.12
1366.74
907.45
965.71
1032.55
1102.07
1291.34
1086.44
1269.06
1217.10
1222.26
1376.80
1147.00
1383.56
1230.29
1264.87
1251.89
1006.98
1092.84
864.80
1062.20
1338.55
846.78
603.46
1077.34
1404.04
1211.91
1395.06
1240.97
480.80
1000.18
1318.92
1383.89
446.99
1351.58
1031.83
1402.92
1464.63
1024.11
747.09
1414.05
1392.98
940.37
755.12
1253.36
449.45
1285.08
1344.29
1343.75
1031.00
1358.72
531.56
892.47
1283.45
1281.60
421.95
1319.43
1355.23
1000.69
1398.78
1031.77
1425.12
1402.30
1141.94
922.73
1147.28
1321.09
980.61
1259.39
1263.59
1342.85
1237.24
645.54
1132.36
1235.61
917.98
868.89
1414.27
860.70
1272.48
1372.95
720.93
718.59
1216.67
918.66
1337.04
1267.03
1461.72
1132.19
1460.19
1443.59
746.94
1355.74
1379.58
1157.71
1044.97
613.87
1332.21
1002.77
1414.24
728.97
1376.01
1395.98
1023.48
1351.96
1388.37
1039.76
968.11
1058.93
1332.66
1362.02
1294.37
1351.51
1256.93
1000.36
1428.36
1313.33
1258.93
1348.35
1370.11
1063.03
1269.55
1390.06
1265.84
1235.86
1207.49
932.10
1346.00
1357.83
1230.21
1341.83
1079.00
1059.15
1391.14
1314.25
1359.80
894.18
1373.36
725.08
1091.51
1345.72
1336.20
1099.42
972.11
1218.76
990.00
1333.56
1356.70
1227.26
1184.36
1383.50
1424.93
1282.20
1340.74
1007.31
1035.95
1088.66
1374.69
1230.60
1122.98
1255.12
1358.77
1326.73
716.45
1248.01
1309.75
1124.19
1224.65
1289.38
721.90
959.04
1111.54
815.09
1257.90
1342.81
920.95
1273.40
1365.91
1420.37
792.73
1280.08
1310.67
1214.32
1366.56
1305.40
1197.04
1358.13
802.43
1430.66
1358.32
1275.25
1280.31
1370.81
1031.92
1389.81
1395.11
993.15
1304.91
1371.41
1396.32
1352.30
832.50
1364.87
1321.32
1213.08
544.81
1305.23
1273.58
966.40
1224.77
928.05
619.68
1348.77
817.24
1324.57
1409.97
1346.81
1395.95
1347.45
999.39
1211.27
1376.08
1412.96
1345.03
1354.59
1318.15
1080.43
1235.33
999.52
1351.09
1102.96
1435.53
1442.40
1298.54
880.51
908.26
1367.46
1278.42
1378.01
1349.31
1354.25
1383.23
795.09
624.73
1265.40
1296.19
1075.87
1326.77
1312.12
1345.47
1401.84
1251.57
1330.37
1268.76
1333.15
855.58
1223.62
1008.91
1361.20
1015.97
1354.06
1376.33
924.43
1151.47
1368.19
1362.45
523.22
825.06
1354.74
1239.51
1000.07
1045.44
1304.53
1385.89
1109.64
1384.43
1363.84
1278.56
1376.92
611.44
1324.87
854.66
1329.27
1364.69
1418.70
987.19
1248.16
1494.77
803.97
923.48
951.52
1349.97
1392.06
1349.07
649.60
1361.58
1352.06
1362.92
1225.91
1141.29
1153.78
1156.34
1317.12
1041.36
1289.58
1281.03
1095.23
1260.85
1441.45
1406.81
1257.01
1390.53
1306.91
1048.76
769.51
1370.38
1283.54
1095.75
1345.47
1433.44
1310.91
829.52
1381.68
921.17
1357.22
1383.32
1333.52
1355.48
846.83
809.07
812.28
1067.75
1026.92
1345.64
1050.80
828.41
928.82
1264.59
756.11
1379.88
793.52
1344.02
1281.77
1315.43
1039.60
1422.51
1351.00
1360.44
1145.95
1369.53
638.45
1398.42
1196.51
1365.70
1298.97
1338.23
1392.40
1246.40
1382.61
1376.58
1233.99
1061.70
1011.22
839.28
1160.29
924.63
1283.20
1333.42
1393.05
1266.75
1361.22
939.96
1374.10
874.39
1042.81
1346.88
1200.95
1285.25
1347.50
1088.00
763.43
1071.06
1360.29
1341.29
1344.83
1295.99
1176.76
1368.78
1373.67
953.37
855.70
998.55
903.55
1219.94
734.92
1019.05
1397.45
1398.24
1394.52
1061.14
1344.72
1394.23
952.98
903.30
1358.29
1384.50
844.54
1327.67
989.96
1217.22
1377.80
1239.19
1436.25
899.89
1126.22
1356.75
698.83
1364.59
929.26
1430.36
1394.97
369.76
1359.67
1027.43
1302.71
1011.59
1293.18
805.33
1329.78
1205.38
1277.71
739.54
1164.37
1349.12
1204.01
1338.58
1280.13
1031.68
1433.95
1311.72
1399.59
1087.46
739.66
1219.02
1076.77
1344.96
1282.38
1024.93
1369.65
1076.82
1388.34
1358.48
909.74
1067.51
1395.66
817.52
1167.27
1104.62
543.55
1415.47
1399.81
1341.36
1345.43
1360.90
768.29
1360.52
933.66
499.51
1425.82
1389.83
1351.49
655.21
1331.17
712.47
606.71
1337.46
1003.20
1457.42
1433.70
1090.33
976.15
1300.03
1211.16
1278.81
940.10
1111.47
1376.06
1442.40
1123.59
1282.06
1461.79
1342.44
1438.62
1061.66
1334.06
1206.40
1438.79
1041.44
1390.14
954.21
1339.91
672.15
1403.56
1274.82
1288.24
1350.93
1388.04
1241.80
1023.73
1427.06
1381.77
1283.29
1070.59
1419.87
1406.68
1374.98
787.72
983.65
1331.03
1352.12
1400.31
1472.80
838.65
1205.68
1406.55
1409.51
922.92
782.87
621.56
923.69
1267.70
1388.18
911.56
1150.37
1044.32
698.08
1353.15
1328.59
1212.18
708.62
1405.90
620.13
1464.89
1494.91
1272.68
1310.54
894.55
1336.63
1362.48
1169.75
1294.21
971.30
1387.54
724.75
1210.08
822.59
687.20
916.31
636.03
965.23
1214.32
1331.20
1080.42
1383.18
1321.21
773.53
1326.00
1206.86
508.55
1140.98
853.99
1349.77
1319.02
1302.19
1072.53
883.43
1270.98
1347.34
1266.30
1206.83
899.47
935.24
1256.98
1314.22
907.34
1091.70
857.85
800.38
1098.61
1245.09
998.56
1013.91
1136.56
1352.42
706.36
1226.12
1367.13
1277.51
1249.39
1352.57
912.71
1321.99
1325.32
1025.44
1150.99
1013.83
1222.93
1134.15
1400.71
802.04
976.80
717.05
1324.01
1373.27
716.31
1194.20
1332.91
733.13
1337.40
997.21
1279.67
1306.64
624.74
751.97
1401.30
1076.49
1362.05
1306.32
983.09
1391.92
1017.55
1345.04
1377.92
1402.99
744.38
1415.95
1347.46
1319.56
1083.53
1373.24
1379.26
1378.93
1112.90
1321.04
1163.17
842.91
1333.73
1336.50
1319.43
1352.71
960.19
1035.35
1365.39
923.16
928.46
811.43
1316.93
881.37
1367.73
1230.98
1349.89
1083.06
1141.59
1419.23
1299.55
1317.07
1491.91
1248.60
1117.24
880.15
1141.13
1370.15
711.58
1343.43
1013.51
1419.47
1339.66
1031.98
1253.02
1137.02
1340.85
1356.76
1376.22
1087.37
1349.95
1370.92
1106.82
1356.44
951.95
1435.11
1218.07
1336.81
1329.21
1250.34
1401.19
1328.78
1435.81
1061.50
1445.17
1371.08
1347.74
1190.69
767.37
1352.77
1325.90
1296.93
1246.09
1415.76
1314.37
1353.16
1410.60
1353.28
1241.01
1394.76
1018.64
1361.43
722.63
883.46
1321.87
628.29
1343.53
1143.01
1415.10
1375.31
1389.43
308.44
1240.45
1024.72
997.23
946.75
1291.69
995.43
863.13
1123.87
1374.44
906.52
1376.19
1285.30
775.92
983.92
1367.23
717.51
1394.08
619.71
767.28
1242.19
1363.03
1069.42
1007.63
1275.18
1402.37
734.39
1273.84
1418.02
1208.58
1049.16
1164.54
1023.95
1254.06
1406.02
1098.54
1340.06
1394.39
1086.83
1379.65
722.73
1020.74
1312.18
1196.81
920.96
1071.62
1365.11
980.75
1023.98
1434.08
1218.45
1225.87
1054.90
707.55
328.62
1204.77
1298.23
1408.60
1241.69
1365.49
697.18
1254.84
1419.59
1017.57
904.01
1233.11
1067.55
312.44
1392.87
1357.81
1368.37
911.17
1345.48
622.08
1429.35
1007.10
1420.30
569.65
541.91
1335.72
629.09
745.97
1270.49
1348.34
1371.17
784.41
1328.34
1242.71
1331.65
1354.36
1353.69
1222.27
963.99
1327.02
1379.44
1352.34
1452.43
1391.19
1172.55
1006.46
1074.50
707.82
988.75
998.55
1371.88
1344.73
1374.44
1248.67
1218.94
768.51
1265.33
1355.88
1323.72
1361.08
1167.39
1326.66
1329.85
868.20
1295.59
1105.61
453.12
1135.83
1111.72
1336.45
1412.29
1376.17
988.01
301.98
1417.12
1241.27
1050.04
1356.17
914.81
1336.64
1386.23
1284.17
958.37
1207.26
1409.95
966.99
1356.92
1376.48
1379.90
1444.49
1366.32
1394.97
1364.77
1134.00
868.76
730.56
915.19
1379.98
1353.17
1401.27
1303.39
1297.28
1007.41
820.26
1291.44
1393.92
1317.16
1341.16
1109.69
1162.79
653.57
1420.75
1150.30
1266.60
1334.91
1298.87
1373.18
906.73
1349.77
1339.03
1362.11
911.95
947.09
1354.66
1398.94
1077.02
1379.94
1100.51
998.60
1316.76
603.85
1407.22
777.82
1133.69
1335.43
1380.00
1337.94
1390.22
1272.59
1254.07
941.84
782.36
1262.64
744.48
998.50
1339.30
1282.63
1021.41
1183.51
1290.10
1352.36
1043.44
767.91
1257.17
1382.60
1010.22
1375.86
1212.48
1162.49
1339.06
1298.54
750.34
1309.93
1479.06
1285.22
1385.30
1327.60
1416.54
1347.51
963.92
1239.72
1303.26
1266.93
1372.56
1238.27
956.75
1266.39
1364.44
588.31
1212.20
1376.62
1131.95
1405.28
1332.55
1271.97
647.20
834.16
1318.16
1424.41
1246.97
1391.76
1187.20
1395.91
1233.41
1262.37
1434.92
1251.73
1195.80
1371.90
1231.58
1448.03
1283.46
1375.07
1393.60
953.85
986.33
1269.20
1285.69
1376.48
1414.76
1056.87
1034.52
1296.04
940.40
908.49
1229.44
1351.93
1279.80
1403.69
1229.60
1296.50
1372.02
1226.58
1035.95
1354.91
442.35
1407.50
1377.41
1264.76
1352.32
1320.41
661.92
1353.51
989.72
1392.97
1204.66
1192.21
1130.47
332.95
1340.61
990.80
1342.41
1419.53
1287.65
1079.86
974.68
1396.24
1332.94
1384.52
728.05
1377.87
1109.15
556.98
1359.46
1188.58
1376.80
1387.62
1197.26
1417.54
1118.37
1071.81
875.70
1145.60
1351.68
1084.05
1286.96
911.63
1386.44
1421.05
664.19
1112.34
997.86
858.08
953.98
1040.75
1267.50
936.42
914.07
1307.89
1283.81
729.49
1148.90
1327.24
1069.67
1247.00
906.46
1240.64
1363.69
1319.54
1255.28
1299.96
1064.49
1415.36
1327.53
1085.70
1362.08
1291.58
1329.32
1459.93
1359.67
1469.50
1355.18
1182.35
654.64
1405.91
745.79
1401.23
1353.14
906.11
1113.94
1374.74
686.88
1234.12
980.68
1210.84
1300.36
1394.68
1268.30
1381.52
1244.99
555.32
1385.79
1424.71
1401.19
1438.96
1241.48
1017.40
699.36
1235.83
1280.61
1374.58
970.22
1308.26
1215.08
1409.17
1069.00
930.64
1360.78
1263.46
1364.54
1222.02
1170.00
1205.68
1404.22
606.99
1277.17
1273.90
1254.97
679.65
1333.10
1445.66
610.07
1345.48
1490.34
1043.59
946.31
1291.41
1283.21
1316.32
1214.97
1417.39
1341.90
1338.46
1374.79
1358.62
1340.34
1312.09
1030.90
716.48
1394.57
1290.84
1223.18
1361.86
953.00
1208.74
1055.33
1089.94
969.46
1349.58
807.13
1361.03
774.74
1179.21
780.62
1432.52
1339.50
1320.29
1336.03
1312.67
1212.31
1271.56
1384.28
1200.73
1306.76
1234.82
1361.10
1386.98
750.11
869.58
993.93
1081.12
1381.28
940.33
1129.94
1078.11
1276.94
998.29
646.70
1015.08
986.99
649.52
1318.14
1373.34
1378.33
1232.19
905.82
1123.32
1391.85
1252.59
1138.08
1392.39
1395.41
1054.48
515.15
1363.26
989.36
625.87
1323.38
1330.36
1340.92
1333.46
1420.05
1206.49
612.96
1194.81
1320.95
1342.77
1079.75
1344.62
756.02
1360.85
1249.82
686.37
829.64
1335.80
1300.53
1363.23
1269.14
1375.72
1377.68
1371.12
1363.59
1379.99
1373.22
1331.91
613.02
1222.25
1244.32
1393.01
1271.62
1355.49
901.33
1310.44
943.04
1447.75
1321.44
1390.55
1404.96
1253.43
1117.56
1268.90
942.25
1218.69
1426.31
995.47
1259.28
1353.51
1316.10
1292.90
1319.17
1364.67
1350.88
1392.99
1002.68
771.48
742.96
634.14
1161.32
1352.96
1302.46
1389.44
1205.48
1217.69
626.54
935.03
1299.63
1145.79
1381.14
1305.56
722.88
1368.61
902.33
1315.01
849.91
923.90
1326.50
1387.15
1396.16
1008.40
1315.93
649.70
1210.25
497.31
1296.18
1394.96
1417.36
1376.99
1411.66
847.00
959.85
1329.77
1123.32
990.49
817.33
1268.19
1271.86
1472.27
1439.89
1379.81
1244.23
1062.29
609.34
821.11
1374.44
1296.12
1286.37
1001.92
834.49
1224.01
1340.28
834.83
1363.57
1393.59
1167.11
1279.43
1032.28
1252.43
1415.34
1365.35
1060.81
1359.12
1376.00
1365.42
1322.55
1393.44
1391.00
749.88
1418.59
1364.77
1048.84
1149.65
1347.69
1053.52
1143.36
1116.78
1375.59
917.16
1424.88
1276.44
1380.38
1364.96
1348.70
1337.05
1261.06
1335.99
615.07
1388.64
1363.87
933.71
1343.31
1218.81
1345.02
1439.62
1337.91
1344.47
1063.95
1396.81
1390.23
1397.53
1245.61
1381.60
1320.01
896.17
1224.36
927.59
1419.99
1111.41
1050.56
977.49
1135.55
1069.31
1247.74
1213.03
1383.35
1305.10
992.01
1404.48
1128.49
848.02
1295.66
1346.58
1316.75
1041.77
1376.07
1285.52
1368.37
765.37
1284.33
1299.79
742.15
1195.09
1349.11
1305.09
1432.93
1386.10
1207.81
1383.63
1226.87
1283.64
1292.97
1325.38
1308.40
1375.40
1115.29
1411.13
1367.27
1292.07
858.31
1327.87
920.25
742.69
1260.52
1220.91
1396.01
995.63
1154.63
945.90
1391.82
1098.04
1404.86
1381.88
659.23
1380.82
1392.18
1175.71
1368.83
1011.99
1191.21
607.62
745.23
1358.40
1193.77
1369.83
1352.72
1321.75
1193.51
1230.56
1120.73
1259.54
1185.03
1408.82
999.13
1014.00
1451.82
982.49
1274.61
1025.95
759.69
1113.96
987.95
1228.13
1402.43
1014.57
889.71
1367.05
733.95
1002.85
645.20
1000.72
1269.69
918.78
933.87
1142.90
1062.31
1372.57
1289.80
923.79
1000.08
1403.07
1343.22
646.52
1383.03
796.74
1149.81
1372.84
1410.61
1364.72
1343.49
1235.35
1466.58
1338.74
1342.52
1283.73
1428.36
1320.65
645.80
1359.29
1072.45
1277.67
1421.95
1004.66
1380.05
1391.68
1264.98
1359.78
833.54
946.51
1294.59
1143.76
1050.31
1374.18
1028.62
1270.72
1385.31
1290.75
1052.76
960.03
1428.41
1279.83
1325.11
1325.33
1341.59
1097.69
727.81
486.03
1041.41
1373.51
1285.45
1363.51
1079.06
721.37
941.53
1337.15
1106.91
1321.89
1258.89
699.26
1310.12
709.34
1199.07
1342.72
652.63
762.66
1351.41
1160.95
1449.92
1228.98
1384.67
1235.89
1082.03
1096.02
1391.08
763.72
1358.91
779.92
719.76
926.45
1466.35
778.93
1315.89
1326.55
1241.96
1470.54
1419.08
731.16
1340.30
1359.96
1371.06
511.54
1405.62
1125.11
1383.06
1401.14
1339.36
1032.41
1060.59
1020.39
1019.92
1329.08
1191.04
1370.21
1306.05
1328.21
761.02
1364.32
1325.29
1355.91
1012.46
708.32
1049.04
1367.54
1349.62
841.27
769.13
1365.53
1415.16
599.94
1253.88
1065.79
894.35
708.78
1401.83
1114.22
616.11
930.31
1406.59
1267.54
853.62
1376.30
1313.97
1069.41
1360.27
1300.39
602.40
1401.97
1192.18
1344.52
804.22
1212.14
1380.03
1008.91
968.99
1433.79
1437.39
1360.91
1247.98
1386.05
1390.22
1443.69
1066.46
830.96
948.42
1154.67
1270.39
1053.50
1306.84
1357.98
1363.60
1352.70
919.60
1020.08
939.18
1079.34
1069.13
1294.52
1332.94
1041.08
626.62
895.36
1140.39
839.49
1060.24
1317.14
1413.08
1226.62
1072.38
1332.22
1376.60
840.08
1369.96
1423.68
440.58
1375.15
1359.99
1129.27
1020.03
833.81
1185.27
1010.08
1142.27
1025.78
1051.81
939.36
1385.82
1017.11
1381.38
839.95
967.18
1250.09
733.45
1380.67
1243.07
1333.13
1399.42
1298.99
1251.28
1047.79
910.41
656.52
842.54
1381.87
1386.20
725.37
1240.80
1362.35
1340.82
1239.45
593.33
1396.21
1241.45
1395.82
1394.23
1088.32
1149.25
1450.07
1359.94
1332.86
1043.12
951.09
1371.44
1223.72
1372.88
1016.29
769.90
1381.62
1322.93
1180.96
1364.75
981.58
1367.66
1378.93
811.74
978.56
1342.37
1329.53
1354.75
1366.16
1228.89
1349.09
1345.09
1319.18
1221.87
1096.53
977.40
1354.67
1419.63
1349.14
644.29
1049.89
525.86
1226.42
1383.27
1346.38
1371.19
1324.18
660.70
1383.77
1298.90
1406.76
1390.53
1376.14
968.38
935.61
1423.47
1151.19
1322.91
749.83
1375.59
1052.88
1239.01
527.94
1379.00
1081.77
1066.90
1028.27
1250.58
863.92
922.87
1391.16
1391.32
1024.84
1388.20
1357.71
1333.71
894.92
850.73
1363.56
689.05
1319.12
1405.55
1315.98
1273.02
1367.71
608.90
1331.20
1388.19
1076.51
1123.09
1190.47
1388.42
1293.51
1374.94
1147.93
1359.46
310.44
1020.60
1352.40
1400.54
1219.50
1292.49
1045.28
1296.02
945.41
1030.05
1327.13
939.86
1094.54
1124.17
1337.54
807.09
1435.18
931.14
1418.53
1230.54
1326.80
1041.55
1375.21
1028.35
1278.61
1201.92
857.36
535.88
817.11
1368.61
1258.11
1387.07
1113.76
1212.77
646.23
1266.48
607.61
1058.18
1273.83
1312.55
1032.78
1042.07
1288.49
1350.82
1411.24
636.78
1368.23
928.97
1346.16
636.17
1230.40
1404.57
1254.14
839.07
775.64
610.79
1191.81
917.05
634.12
1142.58
841.67
1244.12
1398.21
1288.50
1033.84
1378.39
1221.93
1195.14
1060.17
1198.04
1135.50
1349.07
1342.07
1367.18
772.18
1295.16
1340.56
927.12
1355.76
940.20
1330.87
1083.04
923.20
1029.98
1477.44
663.84
1046.56
1263.37
1380.94
1230.32
1402.76
804.10
1336.21
1376.77
1114.61
775.56
1053.65
1312.86
811.01
818.64
820.22
908.41
1260.72
1128.02
1121.05
1252.71
1219.32
1113.10
1338.45
1363.88
1405.72
1344.18
984.99
1385.35
1123.48
978.26
1235.40
1302.96
709.10
1421.39
1185.79
1023.63
1396.57
1509.79
928.33
1155.79
912.31
1123.79
1370.80
932.52
1305.27
1252.13
1313.89
1412.85
624.76
1429.29
1299.00
1152.87
1329.26
1308.06
1079.25
1019.83
1394.87
1297.47
970.71
1319.02
1316.13
1410.72
1406.50
1368.67
1341.76
1288.72
755.33
1279.00
1351.37
1361.44
1167.79
1384.48
1290.10
1381.17
1356.69
1352.47
1348.58
1240.43
341.87
1367.05
1365.45
1361.77
939.67
972.31
767.43
1416.27
1340.82
1378.20
1202.96
539.53
1240.68
1168.01
1358.28
804.07
1457.13
1411.34
1360.89
922.62
620.67
1022.19
1105.02
1018.50
1055.24
1030.29
998.40
748.41
1241.59
906.76
1376.97
335.06
1312.29
1359.63
1364.20
1411.51
509.63
1390.76
1159.23
1360.82
1077.79
1224.72
1114.54
1314.51
1418.30
1405.53
1181.31
1201.36
1029.39
1367.76
1371.26
1381.10
1044.25
1276.42
1461.40
1345.59
1070.06
1250.42
1365.66
1214.15
1266.63
1386.27
941.13
1154.74
1361.87
1276.47
1293.33
1014.06
1221.11
1246.78
1412.14
925.61
1409.78
690.38
1218.38
1374.97
1406.95
1316.78
1304.08
975.65
1396.50
1034.92
1302.60
1426.23
1396.28
527.39
437.05
1392.65
1303.91
1268.91
1103.52
1418.30
1124.49
915.70
1348.27
1372.71
971.85
512.97
1359.00
1331.38
635.38
1345.91
1326.80
1355.39
1238.20
1379.83
1375.90
668.00
1358.44
841.06
1361.99
1304.06
1343.48
1343.85
1373.88
1315.15
984.64
1295.63
1351.61
1334.60
1329.28
747.95
1390.13
1188.70
1032.24
1137.45
1256.65
1383.67
1059.43
1331.63
927.59
981.63
1050.26
912.61
1284.80
1392.88
826.71
1228.60
1452.41
1317.31
1363.22
1392.65
1332.81
1012.88
1411.95
1367.35
1275.78
1438.14
1350.76
1348.21
1386.40
1325.76
629.85
1349.99
1147.83
1438.53
1369.49
1169.01
1089.96
1386.37
1341.23
1316.13
1411.85
1414.47
625.61
737.57
1383.78
1368.08
1327.27
1055.37
745.80
786.91
1173.41
1016.92
530.78
932.04
1328.76
1332.91
1174.62
1364.47
1230.99
1348.06
1380.54
918.20
1404.10
1362.84
1265.45
1322.55
1324.27
1417.62
1080.83
1410.24
1431.32
1414.46
932.67
1173.86
772.16
993.46
1428.40
1284.61
946.58
603.75
1371.78
1339.60
1363.35
958.44
1328.05
1284.20
1396.80
1381.78
677.53
498.76
1045.09
1399.46
1311.03
1361.46
966.63
1178.29
582.07
1336.19
1019.36
1384.98
1451.97
1396.03
1219.44
1353.27
466.57
1400.66
1050.88
389.69
1249.17
1385.42
1376.49
1399.58
1358.63
963.55
1043.58
1241.10
1081.37
1202.79
1339.68
1056.85
984.36
1386.21
1251.10
843.01
1353.25
1240.65
1307.86
909.09
1230.27
1378.21
1407.21
1258.53
1365.86
1380.09
1467.72
1221.41
1082.76
917.87
1103.39
623.91
1472.10
1360.47
1372.42
1325.99
1303.08
1337.67
854.67
1342.49
1171.53
1272.94
439.29
1449.28
1311.96
853.60
1313.56
851.81
1434.75
1360.65
1326.70
1391.87
1380.51
1439.39
969.84
940.45
1231.90
1370.17
1357.23
1336.11
1360.85
1367.24
1141.68
1434.76
1180.43
1432.12
1260.90
777.04
1243.07
1115.58
1363.68
1271.60
942.28
1316.28
1002.81
1234.85
614.48
1387.01
909.54
1336.35
1344.54
1387.90
937.34
1362.98
1081.97
1236.90
1097.74
1323.09
1407.15
1350.94
1241.46
1305.38
999.24
1184.97
1188.03
1259.70
1381.98
417.92
1227.53
864.16
1338.30
1277.26
1376.96
913.98
1426.66
605.22
877.87
1427.43
1427.81
1062.76
1377.95
1406.82
1333.50
1039.07
1153.77
1328.51
1330.70
1356.01
1384.32
1201.24
1283.00
1368.22
1101.55
1382.86
1271.60
1268.53
1400.62
1364.75
1341.62
656.98
1340.12
1051.30
1358.57
1057.55
1247.49
1237.17
1018.46
828.20
918.10
1225.52
937.78
1195.09
1288.29
967.16
1217.28
1332.26
1359.66
1331.13
1325.05
1273.64
764.38
1023.01
769.36
1297.19
1056.51
1427.56
1410.78
930.50
1222.16
1367.23
1411.75
1241.19
1322.77
1408.44
1225.09
598.44
1418.10
908.00
1322.41
1351.76
727.12
850.74
1352.48
1370.32
1321.82
924.49
1304.32
1050.41
1058.89
1116.60
1272.33
1330.80
1356.93
1139.17
649.85
1376.22
1376.11
1042.69
1322.73
1012.71
1371.50
1324.84
1056.43
1341.77
1075.48
1237.36
1331.03
1081.76
1344.64
1307.51
1317.14
820.15
1389.22
1389.88
1107.22
1400.05
1459.55
1364.36
1364.12
1359.33
1193.37
971.61
1276.05
1356.93
1419.16
821.37
1144.40
1345.07
925.16
1261.77
1008.83
1400.50
922.26
1397.55
1363.53
1006.28
605.60
1070.55
1402.31
1420.59
1369.52
1390.44
1333.80
1301.09
1190.61
1334.74
1355.52
1234.23
1409.59
1324.29
1059.44
770.27
836.18
1205.53
1337.06
947.71
1344.65
1361.64
1395.19
929.13
1277.74
310.11
1081.12
1326.62
909.31
925.02
865.21
1360.41
1399.96
1344.61
1381.23
1087.69
1042.19
950.03
1410.84
1340.07
1350.57
1177.67
1375.56
1304.56
968.73
1411.38
1280.13
1373.66
1445.76
1387.05
803.29
918.27
1373.43
620.43
928.81
1347.04
834.24
1036.79
979.11
1036.24
1188.33
1338.74
1162.31
663.89
1352.93
1416.04
1446.84
1022.50
1254.70
1116.69
729.63
487.95
1145.62
1385.40
1353.86
1095.16
1186.76
1010.43
1422.00
1236.71
1348.40
1429.35
1298.46
907.68
1249.11
629.02
1392.06
1058.99
1429.57
710.22
1371.40
1219.08
1295.84
518.92
1436.64
1200.71
1367.41
1404.80
1332.11
1368.45
1357.21
1345.27
935.00
758.13
1365.71
1491.62
1226.57
1279.15
1218.05
924.34
914.87
1177.50
924.16
1379.31
1365.56
1297.69
1330.45
818.89
519.30
1373.51
534.43
317.83
1367.42
1426.69
1138.00
817.02
1399.81
1358.60
1364.85
1338.76
1348.13
1037.42
1402.93
1031.77
1076.44
778.69
1226.04
1279.78
740.35
1333.67
1391.38
1207.13
436.45
1317.14
1130.34
1382.99
1336.82
1338.44
1284.24
1293.45
1301.48
1323.14
1125.56
1391.66
1271.53
1142.69
1302.62
1395.90
1335.39
893.11
1349.74
1025.12
1390.18
1107.06
1267.20
1439.10
