 67.76     1     0     0     0
 78.22     0     0     0     0
195.57     1     0     0     0
205.63     0     0     0     0
279.91     1     0     0     0
289.19     0     0     0     0
289.92     0     0     0     1
299.33     0     0     0     0
380.78     1     0     0     0
389.75     0     0     0     0
489.07     1     0     0     0
498.57     0     0     0     0
594.28     0     0     0     1
604.28     0     0     0     0
605.98     1     0     0     0
615.94     0     0     0     0
719.85     1     0     0     0
729.50     0     0     0     0
822.22     1     0     0     0
830.41     0     0     0     0
861.01     0     1     0     0
870.50     0     0     0     0
905.13     0     0     0     1
915.38     0     0     0     0
945.18     1     0     0     0
954.97     0     0     0     0
1023.08     0     0     1     0
1032.60     0     0     0     0
1060.65     1     0     0     0
1070.47     0     0     0     0
1175.64     1     0     0     0
1185.59     0     0     0     0
1208.99     0     0     0     1
1218.79     0     0     0     0
1277.19     1     0     0     0
1287.01     0     0     0     0
1377.04     1     0     0     0
1385.92     0     0     0     0
1428.76     0     1     0     0
1439.10     0     0     0     0
