896.58
925.54
918.62
884.01
870.46
913.90
826.10
816.34
864.89
911.57
903.45
873.99
840.25
809.77
883.86
756.71
833.56
876.62
922.18
862.79
842.48
832.96
821.79
883.85
812.84
822.71
893.68
871.49
874.99
847.84
876.32
867.08
831.59
860.88
918.57
811.98
909.17
855.76
522.18
827.53
898.26
922.24
858.76
894.62
838.16
905.95
925.28
834.09
856.80
868.58
835.80
851.21
848.05
738.03
892.07
866.03
796.47
869.55
877.17
860.31
809.10
825.29
871.11
854.89
868.35
879.28
853.60
919.28
828.43
861.01
832.03
929.05
871.84
892.32
891.17
854.12
827.55
915.51
817.98
909.13
866.03
827.43
880.53
809.92
846.61
850.50
913.72
908.29
819.69
882.59
898.97
878.77
830.20
848.49
828.23
823.43
877.58
921.04
868.18
817.57
801.08
916.52
854.74
879.43
851.83
902.80
914.36
865.94
845.61
880.85
830.42
860.34
813.86
834.86
790.85
818.99
832.84
843.86
826.05
887.38
868.35
881.35
846.48
880.36
868.36
898.08
871.04
845.56
931.65
906.24
886.13
828.19
878.10
802.62
847.24
844.80
841.78
865.03
799.27
853.72
846.12
876.90
875.51
918.98
836.94
880.38
834.03
862.83
928.23
906.80
841.90
929.27
859.13
868.24
820.90
851.79
854.31
894.81
854.20
864.97
831.31
849.89
879.33
834.35
851.04
831.99
905.55
836.64
880.38
825.62
875.94
862.12
826.64
918.91
875.91
875.37
893.93
827.47
808.56
880.97
898.00
933.39
865.94
877.98
883.03
875.85
837.91
885.41
790.51
869.77
879.44
878.80
865.01
829.97
852.08
878.77
922.84
808.28
873.04
868.97
843.48
845.62
864.15
846.81
735.66
852.04
885.20
900.70
870.39
858.52
850.46
864.10
836.47
854.38
872.53
870.84
869.01
870.87
895.55
909.00
835.36
877.86
867.21
911.47
846.62
909.10
919.39
910.04
881.78
858.54
905.68
868.24
919.41
923.77
758.51
812.76
903.81
862.17
838.95
864.95
850.44
909.37
904.48
861.10
883.96
848.10
856.38
912.11
855.62
850.38
821.91
862.08
853.64
864.25
832.22
811.18
866.29
831.47
898.02
839.02
906.44
819.90
865.50
819.04
831.00
830.98
856.12
892.88
879.80
823.75
852.84
859.81
881.13
924.21
904.91
847.20
824.67
811.02
901.71
871.97
853.34
814.52
928.19
875.97
882.49
906.15
890.59
798.38
910.69
877.03
889.96
842.49
874.47
822.00
856.05
835.38
823.88
894.69
895.35
913.37
904.30
903.40
859.31
875.34
843.36
877.35
833.98
793.20
827.93
888.79
855.50
834.69
891.66
922.86
880.03
900.48
833.81
829.72
856.21
876.91
849.36
916.53
826.11
885.40
906.56
807.24
802.65
882.63
905.39
899.93
873.25
882.51
903.34
898.83
875.94
852.92
900.54
874.36
914.70
849.87
766.69
845.27
824.62
891.82
884.57
847.35
901.94
879.69
852.34
856.51
899.32
844.57
885.47
892.87
871.77
875.02
846.09
832.79
880.51
869.23
899.28
856.33
832.96
845.77
858.73
829.00
899.10
853.38
859.10
847.21
854.35
841.46
880.32
854.75
812.10
848.76
835.22
827.93
840.70
899.61
858.91
854.36
897.57
860.38
852.65
865.27
904.89
870.78
883.59
883.28
872.36
747.73
918.67
898.14
918.55
852.21
909.31
881.20
904.27
881.17
909.31
901.75
912.48
866.40
878.44
851.72
849.80
908.72
891.61
879.39
908.85
842.98
843.84
870.62
782.57
881.10
849.08
834.71
883.06
840.62
835.70
920.31
922.20
857.21
869.74
864.00
885.47
842.48
896.67
829.30
856.53
811.57
879.92
841.75
870.74
841.69
843.13
895.25
833.98
813.92
855.13
904.93
846.23
838.37
849.08
887.67
914.40
844.72
872.95
901.21
842.82
868.73
817.37
911.84
813.44
865.95
828.55
862.84
837.47
904.00
841.19
877.61
918.70
885.76
920.15
916.66
824.35
866.43
812.82
826.81
852.50
871.51
864.82
906.57
899.19
734.68
900.03
884.43
896.59
905.03
890.35
929.19
923.97
861.71
870.25
855.38
837.56
854.37
796.71
902.58
840.34
841.65
839.33
790.72
867.92
862.79
907.19
869.69
852.82
837.57
864.05
839.69
831.16
847.09
842.68
869.65
857.31
892.71
865.85
853.13
867.06
832.92
832.46
850.72
892.69
924.20
826.61
820.96
924.88
907.02
847.14
903.75
853.19
869.70
887.94
844.80
877.21
856.92
868.60
908.50
862.46
833.36
878.40
899.61
867.81
781.62
904.97
850.76
869.07
911.10
828.60
854.00
838.63
860.37
896.82
874.30
913.50
863.57
840.68
861.85
875.11
860.25
860.82
845.99
864.91
870.16
900.45
918.70
835.70
842.17
841.31
832.40
848.09
928.55
823.19
890.88
919.84
876.76
912.14
919.13
878.72
824.99
888.09
904.93
884.94
822.48
906.34
866.33
828.94
827.17
882.36
870.92
897.53
854.76
805.70
865.14
864.08
871.35
926.06
837.81
846.61
883.94
881.70
786.06
895.89
846.22
813.63
842.45
927.17
876.75
806.45
828.27
905.24
897.90
846.01
884.22
820.72
882.96
883.27
860.36
843.67
849.28
870.15
846.60
866.28
817.12
878.12
838.28
862.29
869.16
884.83
854.81
815.09
871.61
867.73
846.25
828.18
914.51
890.24
849.79
882.30
899.60
879.58
892.24
898.32
908.72
885.75
827.62
858.23
876.18
835.12
852.76
811.48
873.59
857.65
855.46
828.64
841.47
885.67
813.49
836.18
834.25
884.21
818.46
856.01
874.70
857.32
818.29
889.86
865.10
843.39
846.60
825.55
912.08
836.48
871.55
923.27
834.08
858.75
860.93
891.55
881.45
882.56
862.04
876.79
831.58
839.61
905.01
882.86
928.63
876.03
860.28
908.68
840.94
880.91
860.94
915.41
826.19
814.42
879.12
890.31
825.22
894.36
847.28
876.56
895.19
906.58
891.43
831.90
831.73
857.59
799.17
913.54
873.13
650.48
880.20
883.19
875.51
875.49
824.37
843.38
844.86
866.00
881.47
895.97
822.35
920.39
837.32
840.00
856.70
871.45
912.91
846.87
900.24
838.51
848.51
828.02
888.54
864.72
832.24
909.50
809.90
835.86
895.39
821.15
866.11
822.29
861.49
817.09
819.35
856.86
861.39
864.37
912.03
934.52
845.26
874.73
808.98
881.82
887.82
829.08
871.89
902.55
833.20
851.83
818.27
899.19
820.94
850.48
864.10
863.18
897.35
889.72
869.46
846.35
846.29
930.84
885.64
895.44
911.09
865.64
883.35
903.67
843.46
835.80
850.79
843.76
850.87
871.97
848.71
884.71
897.38
832.48
813.50
866.30
886.38
828.14
831.09
903.93
912.49
821.92
808.37
912.29
880.00
843.75
892.62
898.47
847.33
902.27
867.01
923.08
837.17
851.51
850.86
880.46
926.58
851.82
843.19
916.10
910.22
870.13
814.07
842.59
878.81
835.65
875.20
884.25
913.83
891.11
924.10
887.32
902.41
895.15
914.21
903.78
852.79
804.99
821.41
887.39
827.38
869.97
852.77
847.18
823.39
872.66
845.48
863.56
846.64
748.82
812.78
873.66
863.85
861.38
896.12
863.00
807.48
858.75
877.67
886.87
831.05
842.48
863.39
877.46
776.92
784.47
879.56
831.33
883.29
893.70
826.38
887.16
854.02
877.98
884.23
895.61
850.53
844.62
809.82
870.16
895.66
870.03
830.49
846.17
917.30
874.35
876.44
901.72
810.43
898.56
857.75
851.62
848.83
898.76
842.22
861.99
872.16
876.35
915.42
854.98
845.27
844.18
896.97
892.70
812.93
909.97
869.35
877.40
850.26
871.17
837.75
911.08
861.99
852.31
803.30
892.88
853.64
849.74
890.62
815.74
838.49
862.80
880.96
888.61
831.97
876.60
910.84
922.32
872.49
881.60
894.06
850.96
845.87
906.17
882.80
840.04
876.54
904.96
858.09
869.93
859.27
776.17
860.27
801.17
845.48
904.00
867.29
861.37
853.51
911.38
902.20
879.74
848.08
881.45
896.65
854.82
912.96
864.08
735.99
801.78
895.93
830.17
907.28
891.88
848.85
870.45
863.29
818.22
823.68
837.87
856.27
890.83
840.16
865.53
899.30
907.69
856.36
907.48
832.54
841.83
843.12
885.29
789.36
855.16
888.71
858.12
842.24
826.43
826.78
822.29
822.54
887.15
872.76
917.51
881.24
819.85
829.74
891.72
909.72
902.04
864.94
855.24
869.27
808.82
842.96
823.83
896.65
919.24
855.63
831.71
798.89
