104.20     1     0     0     0
113.93     0     0     0     0
145.52     0     1     0     0
155.42     0     0     0     0
222.99     1     0     0     0
233.21     0     0     0     0
293.69     0     0     0     1
303.84     0     0     0     0
331.35     1     0     0     0
341.28     0     0     0     0
438.23     1     0     0     0
448.63     0     0     0     0
552.30     1     0     0     0
563.03     0     0     0     0
594.76     0     0     0     1
604.05     0     0     0     0
671.67     1     0     0     0
681.58     0     0     0     0
723.91     0     1     0     0
733.98     0     0     0     0
788.92     1     0     0     0
798.89     0     0     0     0
