-99.00     1   -99     0
  1.53     0     0     1
  2.03     1     0     0
-99.00     2   -99     0
  1.65     0     0     1
  1.84     1     0     0
-99.00     3   -99     0
  2.12     1     0     0
-99.00     4   -99     0
  1.45     0     0     1
  2.02     1     0     0
-99.00     5   -99     0
  2.06     0     0     1
  2.09     1     0     0
-99.00     6   -99     0
  1.93     1     0     0
-99.00     7   -99     0
  1.63     1     0     0
-99.00     8   -99     0
  1.94     1     0     0
-99.00     9   -99     0
  1.70     0     0     1
  2.27     1     0     0
-99.00    10   -99     0
  1.82     1     0     0
-99.00    11   -99     0
  1.89     0     0     1
  2.03     1     0     0
-99.00    12   -99     0
  1.96     0     0     1
  2.11     1     0     0
-99.00    13   -99     0
  1.58     1     0     0
-99.00    14   -99     0
  1.74     1     0     0
-99.00    15   -99     0
  1.91     1     0     0
-99.00    16   -99     0
  1.82     0     0     1
  2.01     1     0     0
-99.00    17   -99     0
  1.65     1     0     0
-99.00    18   -99     0
  2.02     1     0     0
-99.00    19   -99     0
  1.83     0     0     1
  1.84     1     0     0
-99.00    20   -99     0
  1.87     1     0     0
-99.00    21   -99     0
  1.57     0     0     1
  2.28     1     0     0
-99.00    22   -99     0
  1.85     0     0     1
  2.09     1     0     0
-99.00    23   -99     0
  0.88     1     0     0
-99.00    24   -99     0
  2.03     1     0     0
-99.00    25   -99     0
  1.94     1     0     0
-99.00    26   -99     0
  1.91     1     0     0
-99.00    27   -99     0
  1.60     0     0     1
  2.23     1     0     0
-99.00    28   -99     0
  1.67     0     0     1
  2.08     1     0     0
-99.00    29   -99     0
  1.93     0     0     1
  2.00     1     0     0
-99.00    30   -99     0
  1.63     0     0     1
  1.99     1     0     0
